2.000000000000000111e-01 1.000000000000000056e-01 2.000000000000000111e-01
2.031372549019608009e-01 1.023529411764705910e-01 2.062745098039215907e-01
2.062745098039215907e-01 1.047058823529411764e-01 2.125490196078431426e-01
2.094117647058823528e-01 1.070588235294117757e-01 2.188235294117647223e-01
2.125490196078431426e-01 1.094117647058823611e-01 2.250980392156862742e-01
2.156862745098039325e-01 1.117647058823529466e-01 2.313725490196078538e-01
2.188235294117647223e-01 1.141176470588235320e-01 2.376470588235294334e-01
2.219607843137255121e-01 1.164705882352941174e-01 2.439215686274509853e-01
2.250980392156862742e-01 1.188235294117647167e-01 2.501960784313725372e-01
2.282352941176470640e-01 1.211764705882353022e-01 2.564705882352941169e-01
2.313725490196078538e-01 1.235294117647058876e-01 2.627450980392156965e-01
2.345098039215686436e-01 1.258823529411764730e-01 2.690196078431372761e-01
2.376470588235294334e-01 1.282352941176470584e-01 2.752941176470588003e-01
2.407843137254901955e-01 1.305882352941176439e-01 2.815686274509803799e-01
2.439215686274509853e-01 1.329411764705882293e-01 2.878431372549019596e-01
2.470588235294117752e-01 1.352941176470588425e-01 2.941176470588235392e-01
2.501960784313725927e-01 1.376470588235294001e-01 3.003921568627451189e-01
2.533333333333333548e-01 1.400000000000000133e-01 3.066666666666666430e-01
2.564705882352941169e-01 1.423529411764705987e-01 3.129411764705882226e-01
2.596078431372549344e-01 1.447058823529411842e-01 3.192156862745098023e-01
2.627450980392156965e-01 1.470588235294117696e-01 3.254901960784313819e-01
2.658823529411764586e-01 1.494117647058823550e-01 3.317647058823529616e-01
2.690196078431372761e-01 1.517647058823529405e-01 3.380392156862744857e-01
2.721568627450980382e-01 1.541176470588235259e-01 3.443137254901960653e-01
2.752941176470588558e-01 1.564705882352941113e-01 3.505882352941176450e-01
2.784313725490196179e-01 1.588235294117646967e-01 3.568627450980392246e-01
2.815686274509804354e-01 1.611764705882353099e-01 3.631372549019608043e-01
2.847058823529411975e-01 1.635294117647058676e-01 3.694117647058823284e-01
2.878431372549019596e-01 1.658823529411764808e-01 3.756862745098039080e-01
2.909803921568627771e-01 1.682352941176470662e-01 3.819607843137254877e-01
2.941176470588235392e-01 1.705882352941176516e-01 3.882352941176470118e-01
2.972549019607843013e-01 1.729411764705882371e-01 3.945098039215686470e-01
3.003921568627451189e-01 1.752941176470588225e-01 4.007843137254901711e-01
3.035294117647058809e-01 1.776470588235294079e-01 4.070588235294116952e-01
3.066666666666666985e-01 1.799999999999999933e-01 4.133333333333333304e-01
3.098039215686274606e-01 1.823529411764706065e-01 4.196078431372549100e-01
3.129411764705882781e-01 1.847058823529411642e-01 4.258823529411764897e-01
3.160784313725490402e-01 1.870588235294117774e-01 4.321568627450980138e-01
3.192156862745098023e-01 1.894117647058823350e-01 4.384313725490195934e-01
3.223529411764706198e-01 1.917647058823529482e-01 4.447058823529411731e-01
3.254901960784313819e-01 1.941176470588235337e-01 4.509803921568627527e-01
3.286274509803921440e-01 1.964705882352941191e-01 4.572549019607842768e-01
3.317647058823529616e-01 1.988235294117647045e-01 4.635294117647058565e-01
3.349019607843137791e-01 2.011764705882352899e-01 4.698039215686274361e-01
3.380392156862744857e-01 2.035294117647059031e-01 4.760784313725490158e-01
3.411764705882353033e-01 2.058823529411764608e-01 4.823529411764705399e-01
3.443137254901961208e-01 2.082352941176470740e-01 4.886274509803921196e-01
3.474509803921568829e-01 2.105882352941176594e-01 4.949019607843137547e-01
3.505882352941176450e-01 2.129411764705882448e-01 5.011764705882353343e-01
3.537254901960784625e-01 2.152941176470588025e-01 5.074509803921567475e-01
3.568627450980392246e-01 2.176470588235294157e-01 5.137254901960783826e-01
3.600000000000000422e-01 2.200000000000000011e-01 5.200000000000000178e-01
3.631372549019608043e-01 2.223529411764705865e-01 5.262745098039215419e-01
3.662745098039215663e-01 2.247058823529411720e-01 5.325490196078430660e-01
3.694117647058823839e-01 2.270588235294117574e-01 5.388235294117647012e-01
3.725490196078431460e-01 2.294117647058823706e-01 5.450980392156863363e-01
3.756862745098039635e-01 2.317647058823529282e-01 5.513725490196077494e-01
3.788235294117647256e-01 2.341176470588235137e-01 5.576470588235293846e-01
3.819607843137254877e-01 2.364705882352941269e-01 5.639215686274510198e-01
3.850980392156863052e-01 2.388235294117647123e-01 5.701960784313725439e-01
3.882352941176470673e-01 2.411764705882352977e-01 5.764705882352940680e-01
3.913725490196078294e-01 2.435294117647058831e-01 5.827450980392157032e-01
3.945098039215686470e-01 2.458823529411764686e-01 5.890196078431372273e-01
3.976470588235294645e-01 2.482352941176470540e-01 5.952941176470587514e-01
3.996078431372549478e-01 2.513725490196078161e-01 6.001960784313725705e-01
3.980392156862745390e-01 2.568627450980391913e-01 6.009803921568627194e-01
3.964705882352941857e-01 2.623529411764705110e-01 6.017647058823528683e-01
3.949019607843137214e-01 2.678431372549019418e-01 6.025490196078431282e-01
3.933333333333333681e-01 2.733333333333333171e-01 6.033333333333332771e-01
3.917647058823529593e-01 2.788235294117646923e-01 6.041176470588235370e-01
3.901960784313725505e-01 2.843137254901960675e-01 6.049019607843136859e-01
3.886274509803921973e-01 2.898039215686274428e-01 6.056862745098039458e-01
3.870588235294117885e-01 2.952941176470588180e-01 6.064705882352940947e-01
3.854901960784313797e-01 3.007843137254901933e-01 6.072549019607842435e-01
3.839215686274510264e-01 3.062745098039215130e-01 6.080392156862745034e-01
3.823529411764706176e-01 3.117647058823529438e-01 6.088235294117646523e-01
3.807843137254902088e-01 3.172549019607843190e-01 6.096078431372549122e-01
3.792156862745098000e-01 3.227450980392156943e-01 6.103921568627450611e-01
3.776470588235294468e-01 3.282352941176470695e-01 6.111764705882353210e-01
3.760784313725490380e-01 3.337254901960784448e-01 6.119607843137254699e-01
3.745098039215686292e-01 3.392156862745098200e-01 6.127450980392157298e-01
3.729411764705882759e-01 3.447058823529411953e-01 6.135294117647058787e-01
3.713725490196078671e-01 3.501960784313724595e-01 6.143137254901960276e-01
3.698039215686274583e-01 3.556862745098038903e-01 6.150980392156862875e-01
3.682352941176470495e-01 3.611764705882352655e-01 6.158823529411764364e-01
3.666666666666666963e-01 3.666666666666666408e-01 6.166666666666666963e-01
3.650980392156862875e-01 3.721568627450980160e-01 6.174509803921568452e-01
3.635294117647058787e-01 3.776470588235293913e-01 6.182352941176471051e-01
3.619607843137255254e-01 3.831372549019607665e-01 6.190196078431372539e-01
3.603921568627451166e-01 3.886274509803921418e-01 6.198039215686274028e-01
3.588235294117647634e-01 3.941176470588234615e-01 6.205882352941176627e-01
3.572549019607843546e-01 3.996078431372548923e-01 6.213725490196078116e-01
3.556862745098039458e-01 4.050980392156862675e-01 6.221568627450980715e-01
3.541176470588235370e-01 4.105882352941176427e-01 6.229411764705882204e-01
3.525490196078431282e-01 4.160784313725489625e-01 6.237254901960784803e-01
3.509803921568627749e-01 4.215686274509803377e-01 6.245098039215686292e-01
3.494117647058823661e-01 4.270588235294117130e-01 6.252941176470587781e-01
3.478431372549019573e-01 4.325490196078431437e-01 6.260784313725490380e-01
3.462745098039216041e-01 4.380392156862744080e-01 6.268627450980391869e-01
3.447058823529411953e-01 4.435294117647058942e-01 6.276470588235294468e-01
3.431372549019607865e-01 4.490196078431372140e-01 6.284313725490195957e-01
3.415686274509803777e-01 4.545098039215685892e-01 6.292156862745098556e-01
3.400000000000000244e-01 4.599999999999999645e-01 6.300000000000000044e-01
3.384313725490196156e-01 4.654901960784313397e-01 6.307843137254901533e-01
3.368627450980392068e-01 4.709803921568627150e-01 6.315686274509804132e-01
3.352941176470588536e-01 4.764705882352940902e-01 6.323529411764705621e-01
3.337254901960784448e-01 4.819607843137253544e-01 6.331372549019608220e-01
3.321568627450980360e-01 4.874509803921568407e-01 6.339215686274509709e-01
3.305882352941176272e-01 4.929411764705882160e-01 6.347058823529412308e-01
3.290196078431372184e-01 4.984313725490195912e-01 6.354901960784313797e-01
3.274509803921568651e-01 5.039215686274509665e-01 6.362745098039215286e-01
3.258823529411764564e-01 5.094117647058823417e-01 6.370588235294117885e-01
3.243137254901961031e-01 5.149019607843137170e-01 6.378431372549019374e-01
3.227450980392156943e-01 5.203921568627450922e-01 6.386274509803921973e-01
3.211764705882352855e-01 5.258823529411763564e-01 6.394117647058823461e-01
3.196078431372548767e-01 5.313725490196078427e-01 6.401960784313726061e-01
3.180392156862745234e-01 5.368627450980392180e-01 6.409803921568627549e-01
3.164705882352941146e-01 5.423529411764705932e-01 6.417647058823530148e-01
3.149019607843137059e-01 5.478431372549019684e-01 6.425490196078431637e-01
3.133333333333333526e-01 5.533333333333333437e-01 6.433333333333333126e-01
3.117647058823529438e-01 5.588235294117647189e-01 6.441176470588235725e-01
3.101960784313725350e-01 5.643137254901960942e-01 6.449019607843137214e-01
3.086274509803921817e-01 5.698039215686273584e-01 6.456862745098039813e-01
3.070588235294117729e-01 5.752941176470587337e-01 6.464705882352941302e-01
3.054901960784313641e-01 5.807843137254902199e-01 6.472549019607842791e-01
3.039215686274509554e-01 5.862745098039214842e-01 6.480392156862745390e-01
3.023529411764706021e-01 5.917647058823529704e-01 6.488235294117646879e-01
3.007843137254901933e-01 5.972549019607842347e-01 6.496078431372549478e-01
3.007843137254901933e-01 6.019607843137254610e-01 6.503921568627450966e-01
3.023529411764706021e-01 6.058823529411764275e-01 6.511764705882353566e-01
3.039215686274509554e-01 6.098039215686273939e-01 6.519607843137255054e-01
3.054901960784313641e-01 6.137254901960783604e-01 6.527450980392156543e-01
3.070588235294117174e-01 6.176470588235293269e-01 6.535294117647059142e-01
3.086274509803921262e-01 6.215686274509804043e-01 6.543137254901960631e-01
3.101960784313725350e-01 6.254901960784313708e-01 6.550980392156863230e-01
3.117647058823529438e-01 6.294117647058823373e-01 6.558823529411764719e-01
3.133333333333333526e-01 6.333333333333333037e-01 6.566666666666667318e-01
3.149019607843137059e-01 6.372549019607842702e-01 6.574509803921568807e-01
3.164705882352941146e-01 6.411764705882352366e-01 6.582352941176470296e-01
3.180392156862745234e-01 6.450980392156862031e-01 6.590196078431372895e-01
3.196078431372548767e-01 6.490196078431372806e-01 6.598039215686274384e-01
3.211764705882352855e-01 6.529411764705882470e-01 6.605882352941176983e-01
3.227450980392156943e-01 6.568627450980392135e-01 6.613725490196078471e-01
3.243137254901961031e-01 6.607843137254901800e-01 6.621568627450979960e-01
3.258823529411764564e-01 6.647058823529411464e-01 6.629411764705882559e-01
3.274509803921568651e-01 6.686274509803921129e-01 6.637254901960784048e-01
3.290196078431372739e-01 6.725490196078430793e-01 6.645098039215686647e-01
3.305882352941176272e-01 6.764705882352941568e-01 6.652941176470588136e-01
3.321568627450979805e-01 6.803921568627450123e-01 6.660784313725489625e-01
3.337254901960784448e-01 6.843137254901960898e-01 6.668627450980392224e-01
3.352941176470588536e-01 6.882352941176470562e-01 6.676470588235293713e-01
3.368627450980392068e-01 6.921568627450980227e-01 6.684313725490196312e-01
3.384313725490196156e-01 6.960784313725489891e-01 6.692156862745097801e-01
3.400000000000000244e-01 6.999999999999999556e-01 6.700000000000000400e-01
3.415686274509803777e-01 7.039215686274509221e-01 6.707843137254901889e-01
3.431372549019607865e-01 7.078431372549018885e-01 6.715686274509803377e-01
3.447058823529411953e-01 7.117647058823529660e-01 6.723529411764705976e-01
3.462745098039216041e-01 7.156862745098039325e-01 6.731372549019607465e-01
3.478431372549019573e-01 7.196078431372548989e-01 6.739215686274510064e-01
3.494117647058823661e-01 7.235294117647058654e-01 6.747058823529411553e-01
3.509803921568627194e-01 7.274509803921568318e-01 6.754901960784314152e-01
3.525490196078431282e-01 7.313725490196077983e-01 6.762745098039215641e-01
3.541176470588235370e-01 7.352941176470587648e-01 6.770588235294117130e-01
3.556862745098039458e-01 7.392156862745098422e-01 6.778431372549019729e-01
3.572549019607842435e-01 7.431372549019605867e-01 6.786274509803921218e-01
3.588235294117647078e-01 7.470588235294117752e-01 6.794117647058823817e-01
3.603921568627451166e-01 7.509803921568627416e-01 6.801960784313725306e-01
3.619607843137255254e-01 7.549019607843137081e-01 6.809803921568626794e-01
3.635294117647058787e-01 7.588235294117646745e-01 6.817647058823529393e-01
3.650980392156862875e-01 7.627450980392156410e-01 6.825490196078430882e-01
3.666666666666666963e-01 7.666666666666666075e-01 6.833333333333333481e-01
3.682352941176471051e-01 7.705882352941175739e-01 6.841176470588234970e-01
3.698039215686274583e-01 7.745098039215685404e-01 6.849019607843136459e-01
3.713725490196078671e-01 7.784313725490196179e-01 6.856862745098039058e-01
3.729411764705882204e-01 7.823529411764705843e-01 6.864705882352940547e-01
3.745098039215686292e-01 7.862745098039215508e-01 6.872549019607843146e-01
3.760784313725490380e-01 7.901960784313725172e-01 6.880392156862744635e-01
3.776470588235294468e-01 7.941176470588234837e-01 6.888235294117647234e-01
3.792156862745098000e-01 7.980392156862744502e-01 6.896078431372548723e-01
3.807843137254902088e-01 8.019607843137255276e-01 6.903921568627450212e-01
3.823529411764705621e-01 8.058823529411762721e-01 6.911764705882352811e-01
3.839215686274509709e-01 8.098039215686274606e-01 6.919607843137254299e-01
3.854901960784313797e-01 8.137254901960784270e-01 6.927450980392156898e-01
3.870588235294117885e-01 8.176470588235293935e-01 6.935294117647058387e-01
3.886274509803921973e-01 8.215686274509803599e-01 6.943137254901959876e-01
3.901960784313725505e-01 8.254901960784313264e-01 6.950980392156862475e-01
3.917647058823529593e-01 8.294117647058822929e-01 6.958823529411763964e-01
3.933333333333333681e-01 8.333333333333332593e-01 6.966666666666666563e-01
3.949019607843137214e-01 8.372549019607842258e-01 6.974509803921568052e-01
3.964705882352941302e-01 8.411764705882353033e-01 6.982352941176470651e-01
3.980392156862745390e-01 8.450980392156862697e-01 6.990196078431372140e-01
3.996078431372549478e-01 8.490196078431372362e-01 6.998039215686273629e-01
4.070588235294118062e-01 8.517647058823528683e-01 7.029411764705881804e-01
4.164705882352941479e-01 8.541176470588235370e-01 7.068627450980391469e-01
4.258823529411764897e-01 8.564705882352940947e-01 7.107843137254901134e-01
4.352941176470588314e-01 8.588235294117646523e-01 7.147058823529410798e-01
4.447058823529409510e-01 8.611764705882352100e-01 7.186274509803920463e-01
4.541176470588235703e-01 8.635294117647058787e-01 7.225490196078431238e-01
4.635294117647059120e-01 8.658823529411764364e-01 7.264705882352940902e-01
4.729411764705882537e-01 8.682352941176469940e-01 7.303921568627450567e-01
4.823529411764705954e-01 8.705882352941176627e-01 7.343137254901960231e-01
4.917647058823529926e-01 8.729411764705882204e-01 7.382352941176469896e-01
5.011764705882353343e-01 8.752941176470587781e-01 7.421568627450979561e-01
5.105882352941176761e-01 8.776470588235294468e-01 7.460784313725490335e-01
5.200000000000000178e-01 8.800000000000000044e-01 7.500000000000000000e-01
5.294117647058823595e-01 8.823529411764705621e-01 7.539215686274509665e-01
5.388235294117647012e-01 8.847058823529411198e-01 7.578431372549019329e-01
5.482352941176470429e-01 8.870588235294117885e-01 7.617647058823528994e-01
5.576470588235293846e-01 8.894117647058823461e-01 7.656862745098038658e-01
5.670588235294118373e-01 8.917647058823529038e-01 7.696078431372548323e-01
5.764705882352941790e-01 8.941176470588234615e-01 7.735294117647057988e-01
5.858823529411765207e-01 8.964705882352941302e-01 7.774509803921567652e-01
5.952941176470585294e-01 8.988235294117645768e-01 7.813725490196077317e-01
6.047058823529412042e-01 9.011764705882352455e-01 7.852941176470588092e-01
6.141176470588235459e-01 9.035294117647059142e-01 7.892156862745097756e-01
6.235294117647058876e-01 9.058823529411764719e-01 7.931372549019607421e-01
6.329411764705882293e-01 9.082352941176470296e-01 7.970588235294117085e-01
6.423529411764705710e-01 9.105882352941175872e-01 8.009803921568626750e-01
6.517647058823530237e-01 9.129411764705882559e-01 8.049019607843136415e-01
6.611764705882352544e-01 9.152941176470588136e-01 8.088235294117647189e-01
6.705882352941177071e-01 9.176470588235293713e-01 8.127450980392156854e-01
6.799999999999999378e-01 9.199999999999999289e-01 8.166666666666666519e-01
6.894117647058823906e-01 9.223529411764705976e-01 8.205882352941176183e-01
6.988235294117647323e-01 9.247058823529411553e-01 8.245098039215685848e-01
7.082352941176470740e-01 9.270588235294117130e-01 8.284313725490195512e-01
7.176470588235294157e-01 9.294117647058823817e-01 8.323529411764705177e-01
7.270588235294117574e-01 9.317647058823529393e-01 8.362745098039214842e-01
7.364705882352942101e-01 9.341176470588234970e-01 8.401960784313724506e-01
7.458823529411762188e-01 9.364705882352940547e-01 8.441176470588234171e-01
7.552941176470588935e-01 9.388235294117647234e-01 8.480392156862744946e-01
7.647058823529411242e-01 9.411764705882352811e-01 8.519607843137254610e-01
7.741176470588235770e-01 9.435294117647058387e-01 8.558823529411764275e-01
7.835294117647058076e-01 9.458823529411763964e-01 8.598039215686273939e-01
7.929411764705882604e-01 9.482352941176470651e-01 8.637254901960783604e-01
8.023529411764704911e-01 9.505882352941176228e-01 8.676470588235293269e-01
8.117647058823529438e-01 9.529411764705881804e-01 8.715686274509804043e-01
8.211764705882352855e-01 9.552941176470588491e-01 8.754901960784313708e-01
8.305882352941176272e-01 9.576470588235294068e-01 8.794117647058823373e-01
8.399999999999999689e-01 9.599999999999999645e-01 8.833333333333333037e-01
8.494117647058823106e-01 9.623529411764706332e-01 8.872549019607842702e-01
8.588235294117646523e-01 9.647058823529411908e-01 8.911764705882352366e-01
8.682352941176469940e-01 9.670588235294117485e-01 8.950980392156862031e-01
8.776470588235294468e-01 9.694117647058823062e-01 8.990196078431371696e-01
8.870588235294117885e-01 9.717647058823529749e-01 9.029411764705881360e-01
8.964705882352937971e-01 9.741176470588234215e-01 9.068627450980391025e-01
9.058823529411764719e-01 9.764705882352940902e-01 9.107843137254901800e-01
9.152941176470588136e-01 9.788235294117646479e-01 9.147058823529411464e-01
9.247058823529411553e-01 9.811764705882353166e-01 9.186274509803921129e-01
9.341176470588234970e-01 9.835294117647058743e-01 9.225490196078430793e-01
9.435294117647058387e-01 9.858823529411764319e-01 9.264705882352940458e-01
9.529411764705881804e-01 9.882352941176471006e-01 9.303921568627450123e-01
9.623529411764706332e-01 9.905882352941176583e-01 9.343137254901960898e-01
9.717647058823528639e-01 9.929411764705882160e-01 9.382352941176470562e-01
9.811764705882353166e-01 9.952941176470588847e-01 9.421568627450980227e-01
9.905882352941176583e-01 9.976470588235294423e-01 9.460784313725489891e-01
1.000000000000000000e+00 1.000000000000000000e+00 9.499999999999999556e-01
