1.000000000000000056e-01 1.000000000000000056e-01 2.999999999999999889e-01
1.015686274509804005e-01 1.039215686274509859e-01 3.019607843137254721e-01
1.031372549019607954e-01 1.078431372549019662e-01 3.039215686274509554e-01
1.047058823529411764e-01 1.117647058823529466e-01 3.058823529411764386e-01
1.062745098039215713e-01 1.156862745098039269e-01 3.078431372549019773e-01
1.078431372549019662e-01 1.196078431372549072e-01 3.098039215686274606e-01
1.094117647058823611e-01 1.235294117647058876e-01 3.117647058823529438e-01
1.109803921568627560e-01 1.274509803921568540e-01 3.137254901960784270e-01
1.125490196078431371e-01 1.313725490196078483e-01 3.156862745098039102e-01
1.141176470588235320e-01 1.352941176470588425e-01 3.176470588235293935e-01
1.156862745098039269e-01 1.392156862745098089e-01 3.196078431372548767e-01
1.172549019607843218e-01 1.431372549019607754e-01 3.215686274509803599e-01
1.188235294117647167e-01 1.470588235294117696e-01 3.235294117647058987e-01
1.203921568627450978e-01 1.509803921568627638e-01 3.254901960784313819e-01
1.219607843137254927e-01 1.549019607843137303e-01 3.274509803921568651e-01
1.235294117647058876e-01 1.588235294117646967e-01 3.294117647058823484e-01
1.250980392156862686e-01 1.627450980392156910e-01 3.313725490196078316e-01
1.266666666666666774e-01 1.666666666666666852e-01 3.333333333333333148e-01
1.282352941176470584e-01 1.705882352941176516e-01 3.352941176470587981e-01
1.298039215686274672e-01 1.745098039215686181e-01 3.372549019607843368e-01
1.313725490196078483e-01 1.784313725490196123e-01 3.392156862745098200e-01
1.329411764705882293e-01 1.823529411764706065e-01 3.411764705882353033e-01
1.345098039215686381e-01 1.862745098039215730e-01 3.431372549019607865e-01
1.360784313725490191e-01 1.901960784313725394e-01 3.450980392156862697e-01
1.376470588235294001e-01 1.941176470588235337e-01 3.470588235294117530e-01
1.392156862745098089e-01 1.980392156862745279e-01 3.490196078431372362e-01
1.407843137254901900e-01 2.019607843137254943e-01 3.509803921568627194e-01
1.423529411764705987e-01 2.058823529411764608e-01 3.529411764705882582e-01
1.439215686274509798e-01 2.098039215686274550e-01 3.549019607843137414e-01
1.454901960784313886e-01 2.137254901960784492e-01 3.568627450980392246e-01
1.470588235294117696e-01 2.176470588235294157e-01 3.588235294117647078e-01
1.486274509803921506e-01 2.215686274509803821e-01 3.607843137254901911e-01
1.501960784313725594e-01 2.254901960784313764e-01 3.627450980392156743e-01
1.517647058823529405e-01 2.294117647058823428e-01 3.647058823529411575e-01
1.533333333333333215e-01 2.333333333333333370e-01 3.666666666666666963e-01
1.549019607843137303e-01 2.372549019607843312e-01 3.686274509803921795e-01
1.564705882352941113e-01 2.411764705882352977e-01 3.705882352941176627e-01
1.580392156862744923e-01 2.450980392156862642e-01 3.725490196078431460e-01
1.596078431372549011e-01 2.490196078431372584e-01 3.745098039215686292e-01
1.611764705882353099e-01 2.529411764705882248e-01 3.764705882352941124e-01
1.627450980392156910e-01 2.568627450980391913e-01 3.784313725490195957e-01
1.643137254901960720e-01 2.607843137254901578e-01 3.803921568627450789e-01
1.658823529411764808e-01 2.647058823529411797e-01 3.823529411764705621e-01
1.674509803921568618e-01 2.686274509803922017e-01 3.843137254901961009e-01
1.690196078431372428e-01 2.725490196078431682e-01 3.862745098039215841e-01
1.705882352941176516e-01 2.764705882352941346e-01 3.882352941176470673e-01
1.721568627450980327e-01 2.803921568627451011e-01 3.901960784313725505e-01
1.737254901960784415e-01 2.843137254901960675e-01 3.921568627450980338e-01
1.752941176470588225e-01 2.882352941176470340e-01 3.941176470588235725e-01
1.768627450980392035e-01 2.921568627450980005e-01 3.960784313725490557e-01
1.784313725490196123e-01 2.960784313725490224e-01 3.980392156862745390e-01
1.799999999999999933e-01 3.000000000000000444e-01 4.000000000000000222e-01
1.815686274509804021e-01 3.039215686274510109e-01 4.019607843137255054e-01
1.831372549019607832e-01 3.078431372549019773e-01 4.039215686274509887e-01
1.847058823529411642e-01 3.117647058823529438e-01 4.058823529411764719e-01
1.862745098039215730e-01 3.156862745098039102e-01 4.078431372549019551e-01
1.878431372549019540e-01 3.196078431372548767e-01 4.098039215686274384e-01
1.894117647058823350e-01 3.235294117647058432e-01 4.117647058823529216e-01
1.909803921568627438e-01 3.274509803921568651e-01 4.137254901960784603e-01
1.925490196078431526e-01 3.313725490196078871e-01 4.156862745098039436e-01
1.941176470588235059e-01 3.352941176470588536e-01 4.176470588235294268e-01
1.956862745098039147e-01 3.392156862745098200e-01 4.196078431372549100e-01
1.972549019607843235e-01 3.431372549019607865e-01 4.215686274509803932e-01
1.988235294117647045e-01 3.470588235294117530e-01 4.235294117647059320e-01
2.003921568627450855e-01 3.509803921568627194e-01 4.254901960784314152e-01
2.019607843137254943e-01 3.549019607843136859e-01 4.274509803921568984e-01
2.035294117647058476e-01 3.588235294117646523e-01 4.294117647058823817e-01
2.050980392156862564e-01 3.627450980392157298e-01 4.313725490196078649e-01
2.066666666666666652e-01 3.666666666666666963e-01 4.333333333333333481e-01
2.082352941176470462e-01 3.705882352941176627e-01 4.352941176470588314e-01
2.098039215686274550e-01 3.745098039215686292e-01 4.372549019607843146e-01
2.113725490196078360e-01 3.784313725490195957e-01 4.392156862745097978e-01
2.129411764705882448e-01 3.823529411764705621e-01 4.411764705882352811e-01
2.145098039215685981e-01 3.862745098039215286e-01 4.431372549019607643e-01
2.160784313725490069e-01 3.901960784313724950e-01 4.450980392156862475e-01
2.176470588235294157e-01 3.941176470588235725e-01 4.470588235294117863e-01
2.192156862745097967e-01 3.980392156862745390e-01 4.490196078431372695e-01
2.207843137254901777e-01 4.019607843137255054e-01 4.509803921568627527e-01
2.223529411764705865e-01 4.058823529411764719e-01 4.529411764705882915e-01
2.239215686274509953e-01 4.098039215686274384e-01 4.549019607843137747e-01
2.254901960784313764e-01 4.137254901960784048e-01 4.568627450980392579e-01
2.270588235294117574e-01 4.176470588235293713e-01 4.588235294117647411e-01
2.286274509803921384e-01 4.215686274509803377e-01 4.607843137254902244e-01
2.301960784313725472e-01 4.254901960784314152e-01 4.627450980392157076e-01
2.317647058823529282e-01 4.294117647058823817e-01 4.647058823529411908e-01
2.333333333333333093e-01 4.333333333333333481e-01 4.666666666666666741e-01
2.349019607843137181e-01 4.372549019607843146e-01 4.686274509803921573e-01
2.364705882352941269e-01 4.411764705882352811e-01 4.705882352941176405e-01
2.380392156862745079e-01 4.450980392156862475e-01 4.725490196078431238e-01
2.396078431372548889e-01 4.490196078431372140e-01 4.745098039215686070e-01
2.411764705882352700e-01 4.529411764705881804e-01 4.764705882352940902e-01
2.427450980392156787e-01 4.568627450980392579e-01 4.784313725490196290e-01
2.443137254901960598e-01 4.607843137254902244e-01 4.803921568627451122e-01
2.458823529411764686e-01 4.647058823529411908e-01 4.823529411764705954e-01
2.474509803921568774e-01 4.686274509803921573e-01 4.843137254901961342e-01
2.490196078431372584e-01 4.725490196078431238e-01 4.862745098039216174e-01
2.505882352941176672e-01 4.764705882352940902e-01 4.882352941176471006e-01
2.521568627450980205e-01 4.803921568627450567e-01 4.901960784313725839e-01
2.537254901960783737e-01 4.843137254901960231e-01 4.921568627450980671e-01
2.552941176470587825e-01 4.882352941176471006e-01 4.941176470588235503e-01
2.568627450980391913e-01 4.921568627450980671e-01 4.960784313725490335e-01
2.584313725490196001e-01 4.960784313725490335e-01 4.980392156862745168e-01
2.600000000000000089e-01 5.000000000000000000e-01 5.000000000000000000e-01
2.615686274509804177e-01 5.039215686274509665e-01 5.019607843137254832e-01
2.631372549019607709e-01 5.078431372549019329e-01 5.039215686274509665e-01
2.647058823529411242e-01 5.117647058823528994e-01 5.058823529411764497e-01
2.662745098039215330e-01 5.156862745098038658e-01 5.078431372549019329e-01
2.678431372549019418e-01 5.196078431372549433e-01 5.098039215686275272e-01
2.694117647058823506e-01 5.235294117647059098e-01 5.117647058823530104e-01
2.709803921568627594e-01 5.274509803921568762e-01 5.137254901960784936e-01
2.725490196078431682e-01 5.313725490196078427e-01 5.156862745098039769e-01
2.741176470588235214e-01 5.352941176470588092e-01 5.176470588235294601e-01
2.756862745098038747e-01 5.392156862745097756e-01 5.196078431372549433e-01
2.772549019607842835e-01 5.431372549019607421e-01 5.215686274509804266e-01
2.788235294117646923e-01 5.470588235294117085e-01 5.235294117647059098e-01
2.803921568627451011e-01 5.509803921568627860e-01 5.254901960784313930e-01
2.819607843137255099e-01 5.549019607843137525e-01 5.274509803921568762e-01
2.835294117647058632e-01 5.588235294117647189e-01 5.294117647058823595e-01
2.850980392156862719e-01 5.627450980392156854e-01 5.313725490196079537e-01
2.866666666666666252e-01 5.666666666666666519e-01 5.333333333333334370e-01
2.882352941176470340e-01 5.705882352941176183e-01 5.352941176470589202e-01
2.898039215686274428e-01 5.745098039215685848e-01 5.372549019607844034e-01
2.913725490196078516e-01 5.784313725490195512e-01 5.392156862745098866e-01
2.929411764705882604e-01 5.823529411764706287e-01 5.411764705882353699e-01
2.945098039215686136e-01 5.862745098039215952e-01 5.431372549019608531e-01
2.960784313725489669e-01 5.901960784313725616e-01 5.450980392156863363e-01
2.976470588235293757e-01 5.941176470588235281e-01 5.470588235294118196e-01
2.992156862745097845e-01 5.980392156862744946e-01 5.490196078431373028e-01
3.027450980392156765e-01 6.015686274509803866e-01 5.515686274509804532e-01
3.082352941176470518e-01 6.047058823529412042e-01 5.547058823529412708e-01
3.137254901960784270e-01 6.078431372549019107e-01 5.578431372549019773e-01
3.192156862745098023e-01 6.109803921568627283e-01 5.609803921568627949e-01
3.247058823529410110e-01 6.141176470588234348e-01 5.641176470588235015e-01
3.301960784313725528e-01 6.172549019607842524e-01 5.672549019607843190e-01
3.356862745098039280e-01 6.203921568627450700e-01 5.703921568627451366e-01
3.411764705882353033e-01 6.235294117647058876e-01 5.735294117647059542e-01
3.466666666666666785e-01 6.266666666666665941e-01 5.766666666666666607e-01
3.521568627450980538e-01 6.298039215686274117e-01 5.798039215686274783e-01
3.576470588235293735e-01 6.329411764705882293e-01 5.829411764705882959e-01
3.631372549019607487e-01 6.360784313725490469e-01 5.860784313725491135e-01
3.686274509803921240e-01 6.392156862745097534e-01 5.892156862745098200e-01
3.741176470588234992e-01 6.423529411764705710e-01 5.923529411764706376e-01
3.796078431372548745e-01 6.454901960784313886e-01 5.954901960784314552e-01
3.850980392156862497e-01 6.486274509803920951e-01 5.986274509803921617e-01
3.905882352941176250e-01 6.517647058823529127e-01 6.017647058823529793e-01
3.960784313725490002e-01 6.549019607843137303e-01 6.049019607843137969e-01
4.015686274509803755e-01 6.580392156862744368e-01 6.080392156862745034e-01
4.070588235294117507e-01 6.611764705882352544e-01 6.111764705882353210e-01
4.125490196078429594e-01 6.643137254901959610e-01 6.143137254901960276e-01
4.180392156862745012e-01 6.674509803921568896e-01 6.174509803921568452e-01
4.235294117647058765e-01 6.705882352941175961e-01 6.205882352941176627e-01
4.290196078431372517e-01 6.737254901960784137e-01 6.237254901960784803e-01
4.345098039215686270e-01 6.768627450980392313e-01 6.268627450980392979e-01
4.399999999999999467e-01 6.799999999999999378e-01 6.300000000000000044e-01
4.454901960784313220e-01 6.831372549019607554e-01 6.331372549019608220e-01
4.509803921568626972e-01 6.862745098039215730e-01 6.362745098039216396e-01
4.564705882352940725e-01 6.894117647058823906e-01 6.394117647058823461e-01
4.619607843137254477e-01 6.925490196078430971e-01 6.425490196078431637e-01
4.674509803921568230e-01 6.956862745098039147e-01 6.456862745098039813e-01
4.729411764705881982e-01 6.988235294117647323e-01 6.488235294117646879e-01
4.784313725490195734e-01 7.019607843137254388e-01 6.519607843137255054e-01
4.839215686274509487e-01 7.050980392156862564e-01 6.550980392156863230e-01
4.894117647058823239e-01 7.082352941176470740e-01 6.582352941176470296e-01
4.949019607843136992e-01 7.113725490196078916e-01 6.613725490196078471e-01
5.003921568627449634e-01 7.145098039215684871e-01 6.645098039215685537e-01
5.058823529411764497e-01 7.176470588235294157e-01 6.676470588235294823e-01
5.113725490196078249e-01 7.207843137254901222e-01 6.707843137254901889e-01
5.168627450980392002e-01 7.239215686274509398e-01 6.739215686274510064e-01
5.223529411764705754e-01 7.270588235294117574e-01 6.770588235294117130e-01
5.278431372549019507e-01 7.301960784313725750e-01 6.801960784313725306e-01
5.333333333333333259e-01 7.333333333333332815e-01 6.833333333333333481e-01
5.388235294117647012e-01 7.364705882352940991e-01 6.864705882352941657e-01
5.443137254901960764e-01 7.396078431372549167e-01 6.896078431372548723e-01
5.498039215686274517e-01 7.427450980392156232e-01 6.927450980392156898e-01
5.552941176470587159e-01 7.458823529411764408e-01 6.958823529411765074e-01
5.607843137254902022e-01 7.490196078431372584e-01 6.990196078431372140e-01
5.662745098039214664e-01 7.521568627450980760e-01 7.021568627450980316e-01
5.717647058823529527e-01 7.552941176470587825e-01 7.052941176470588491e-01
5.772549019607842169e-01 7.584313725490196001e-01 7.084313725490196667e-01
5.827450980392157032e-01 7.615686274509804177e-01 7.115686274509803733e-01
5.882352941176468564e-01 7.647058823529411242e-01 7.147058823529410798e-01
5.937254901960784537e-01 7.678431372549019418e-01 7.178431372549020084e-01
5.992156862745097179e-01 7.709803921568627594e-01 7.209803921568627150e-01
6.047058823529412042e-01 7.741176470588235770e-01 7.241176470588235325e-01
6.101960784313724684e-01 7.772549019607842835e-01 7.272549019607843501e-01
6.156862745098039547e-01 7.803921568627451011e-01 7.303921568627451677e-01
6.211764705882352189e-01 7.835294117647058076e-01 7.335294117647058743e-01
6.266666666666667052e-01 7.866666666666666252e-01 7.366666666666666918e-01
6.321568627450979694e-01 7.898039215686274428e-01 7.398039215686273984e-01
6.376470588235294557e-01 7.929411764705882604e-01 7.429411764705882160e-01
6.431372549019607199e-01 7.960784313725489669e-01 7.460784313725490335e-01
6.486274509803922061e-01 7.992156862745097845e-01 7.492156862745098511e-01
6.541176470588234704e-01 8.023529411764706021e-01 7.523529411764705577e-01
6.596078431372548456e-01 8.054901960784313086e-01 7.554901960784313752e-01
6.650980392156862209e-01 8.086274509803921262e-01 7.586274509803921928e-01
6.705882352941175961e-01 8.117647058823529438e-01 7.617647058823528994e-01
6.760784313725487493e-01 8.149019607843136503e-01 7.649019607843136059e-01
6.815686274509803466e-01 8.180392156862744679e-01 7.680392156862745345e-01
6.870588235294117219e-01 8.211764705882352855e-01 7.711764705882353521e-01
6.925490196078430971e-01 8.243137254901961031e-01 7.743137254901960587e-01
6.980392156862744724e-01 8.274509803921568096e-01 7.774509803921568762e-01
7.035294117647057366e-01 8.305882352941176272e-01 7.805882352941175828e-01
7.090196078431372229e-01 8.337254901960784448e-01 7.837254901960784004e-01
7.145098039215685981e-01 8.368627450980392624e-01 7.868627450980392180e-01
7.199999999999999734e-01 8.399999999999999689e-01 7.900000000000000355e-01
7.254901960784312376e-01 8.431372549019607865e-01 7.931372549019607421e-01
7.309803921568627239e-01 8.462745098039216041e-01 7.962745098039215597e-01
7.364705882352940991e-01 8.494117647058823106e-01 7.994117647058823772e-01
7.419607843137254743e-01 8.525490196078431282e-01 8.025490196078430838e-01
7.474509803921567386e-01 8.556862745098039458e-01 8.056862745098039014e-01
7.529411764705882248e-01 8.588235294117647634e-01 8.088235294117647189e-01
7.584313725490194891e-01 8.619607843137254699e-01 8.119607843137255365e-01
7.639215686274507533e-01 8.650980392156861765e-01 8.150980392156861321e-01
7.694117647058822396e-01 8.682352941176469940e-01 8.182352941176469496e-01
7.749019607843137258e-01 8.713725490196078116e-01 8.213725490196077672e-01
7.803921568627449901e-01 8.745098039215686292e-01 8.245098039215685848e-01
7.858823529411764763e-01 8.776470588235294468e-01 8.276470588235294024e-01
7.913725490196077406e-01 8.807843137254901533e-01 8.307843137254902199e-01
7.968627450980392268e-01 8.839215686274509709e-01 8.339215686274510375e-01
8.023529411764704911e-01 8.870588235294116775e-01 8.370588235294117441e-01
8.078431372549019773e-01 8.901960784313724950e-01 8.401960784313724506e-01
8.133333333333332416e-01 8.933333333333333126e-01 8.433333333333332682e-01
8.188235294117647278e-01 8.964705882352941302e-01 8.464705882352940858e-01
8.243137254901959921e-01 8.996078431372549478e-01 8.496078431372549034e-01
8.298039215686274783e-01 9.027450980392156543e-01 8.527450980392157209e-01
8.352941176470587425e-01 9.058823529411764719e-01 8.558823529411764275e-01
8.407843137254902288e-01 9.090196078431372895e-01 8.590196078431372451e-01
8.462745098039214930e-01 9.121568627450979960e-01 8.621568627450979516e-01
8.517647058823527573e-01 9.152941176470587026e-01 8.652941176470587692e-01
8.572549019607842435e-01 9.184313725490196312e-01 8.684313725490195868e-01
8.627450980392157298e-01 9.215686274509804488e-01 8.715686274509804043e-01
8.682352941176469940e-01 9.247058823529411553e-01 8.747058823529412219e-01
8.737254901960782583e-01 9.278431372549019729e-01 8.778431372549019285e-01
8.792156862745097445e-01 9.309803921568626794e-01 8.809803921568626350e-01
8.847058823529412308e-01 9.341176470588234970e-01 8.841176470588234526e-01
8.901960784313724950e-01 9.372549019607843146e-01 8.872549019607842702e-01
8.956862745098037593e-01 9.403921568627451322e-01 8.903921568627450878e-01
9.011764705882352455e-01 9.435294117647058387e-01 8.935294117647059053e-01
9.066666666666667318e-01 9.466666666666666563e-01 8.966666666666667229e-01
9.121568627450979960e-01 9.498039215686274739e-01 8.998039215686274295e-01
9.176470588235292603e-01 9.529411764705881804e-01 9.029411764705881360e-01
9.231372549019607465e-01 9.560784313725489980e-01 9.060784313725489536e-01
9.286274509803922328e-01 9.592156862745098156e-01 9.092156862745097712e-01
9.341176470588234970e-01 9.623529411764706332e-01 9.123529411764705888e-01
9.396078431372547612e-01 9.654901960784312287e-01 9.154901960784311843e-01
9.450980392156862475e-01 9.686274509803921573e-01 9.186274509803921129e-01
9.505882352941175117e-01 9.717647058823529749e-01 9.217647058823529305e-01
9.560784313725489980e-01 9.749019607843136814e-01 9.249019607843136370e-01
9.615686274509802622e-01 9.780392156862744990e-01 9.280392156862744546e-01
9.670588235294117485e-01 9.811764705882353166e-01 9.311764705882352722e-01
9.725490196078430127e-01 9.843137254901961342e-01 9.343137254901960898e-01
9.780392156862744990e-01 9.874509803921568407e-01 9.374509803921567963e-01
9.835294117647057632e-01 9.905882352941176583e-01 9.405882352941176139e-01
9.890196078431372495e-01 9.937254901960783648e-01 9.437254901960783204e-01
9.945098039215685137e-01 9.968627450980391824e-01 9.468627450980391380e-01
1.000000000000000000e+00 1.000000000000000000e+00 9.499999999999999556e-01
