1.000000000000000056e-01 1.000000000000000056e-01 1.000000000000000056e-01
1.035294117647058837e-01 1.029411764705882443e-01 1.023529411764705910e-01
1.070588235294117757e-01 1.058823529411764691e-01 1.047058823529411764e-01
1.105882352941176539e-01 1.088235294117647078e-01 1.070588235294117757e-01
1.141176470588235320e-01 1.117647058823529466e-01 1.094117647058823611e-01
1.176470588235294240e-01 1.147058823529411853e-01 1.117647058823529466e-01
1.211764705882353022e-01 1.176470588235294101e-01 1.141176470588235320e-01
1.247058823529411803e-01 1.205882352941176489e-01 1.164705882352941174e-01
1.282352941176470584e-01 1.235294117647058876e-01 1.188235294117647167e-01
1.317647058823529505e-01 1.264705882352941124e-01 1.211764705882353022e-01
1.352941176470588425e-01 1.294117647058823650e-01 1.235294117647058876e-01
1.388235294117647345e-01 1.323529411764705899e-01 1.258823529411764730e-01
1.423529411764705987e-01 1.352941176470588147e-01 1.282352941176470584e-01
1.458823529411764908e-01 1.382352941176470673e-01 1.305882352941176439e-01
1.494117647058823550e-01 1.411764705882352922e-01 1.329411764705882293e-01
1.529411764705882470e-01 1.441176470588235170e-01 1.352941176470588425e-01
1.564705882352941391e-01 1.470588235294117696e-01 1.376470588235294001e-01
1.600000000000000311e-01 1.499999999999999944e-01 1.400000000000000133e-01
1.635294117647058953e-01 1.529411764705882470e-01 1.423529411764705987e-01
1.670588235294117874e-01 1.558823529411764719e-01 1.447058823529411842e-01
1.705882352941176516e-01 1.588235294117646967e-01 1.470588235294117696e-01
1.741176470588235436e-01 1.617647058823529493e-01 1.494117647058823550e-01
1.776470588235294357e-01 1.647058823529411742e-01 1.517647058823529405e-01
1.811764705882352999e-01 1.676470588235293990e-01 1.541176470588235259e-01
1.847058823529411919e-01 1.705882352941176516e-01 1.564705882352941113e-01
1.882352941176470840e-01 1.735294117647058765e-01 1.588235294117646967e-01
1.917647058823529482e-01 1.764705882352941013e-01 1.611764705882353099e-01
1.952941176470588402e-01 1.794117647058823262e-01 1.635294117647058676e-01
1.988235294117647323e-01 1.823529411764705788e-01 1.658823529411764808e-01
2.023529411764706243e-01 1.852941176470588314e-01 1.682352941176470662e-01
2.058823529411765163e-01 1.882352941176470562e-01 1.705882352941176516e-01
2.094117647058823528e-01 1.911764705882352811e-01 1.729411764705882371e-01
2.129411764705882448e-01 1.941176470588235059e-01 1.752941176470588225e-01
2.164705882352941091e-01 1.970588235294117307e-01 1.776470588235293802e-01
2.200000000000000289e-01 2.000000000000000111e-01 1.799999999999999933e-01
2.235294117647059209e-01 2.029411764705882359e-01 1.823529411764705788e-01
2.270588235294117851e-01 2.058823529411764608e-01 1.847058823529411642e-01
2.305882352941176494e-01 2.088235294117646856e-01 1.870588235294117219e-01
2.341176470588235692e-01 2.117647058823529382e-01 1.894117647058823350e-01
2.376470588235294334e-01 2.147058823529411631e-01 1.917647058823529482e-01
2.411764705882353255e-01 2.176470588235294157e-01 1.941176470588235059e-01
2.447058823529411620e-01 2.205882352941176128e-01 1.964705882352940913e-01
2.482352941176470817e-01 2.235294117647058654e-01 1.988235294117647045e-01
2.517647058823530015e-01 2.264705882352940902e-01 2.011764705882352899e-01
2.552941176470588935e-01 2.294117647058823428e-01 2.035294117647059031e-01
2.588235294117646745e-01 2.323529411764705399e-01 2.058823529411764608e-01
2.623529411764705666e-01 2.352941176470587925e-01 2.082352941176470462e-01
2.658823529411765141e-01 2.382352941176470451e-01 2.105882352941176316e-01
2.694117647058823506e-01 2.411764705882352700e-01 2.129411764705882448e-01
2.729411764705882426e-01 2.441176470588234948e-01 2.152941176470588025e-01
2.764705882352941346e-01 2.470588235294117474e-01 2.176470588235294157e-01
2.800000000000000266e-01 2.499999999999999722e-01 2.199999999999999734e-01
2.835294117647059187e-01 2.529411764705882248e-01 2.223529411764705865e-01
2.870588235294117552e-01 2.558823529411764497e-01 2.247058823529411442e-01
2.905882352941177027e-01 2.588235294117646745e-01 2.270588235294117574e-01
2.941176470588235947e-01 2.617647058823528994e-01 2.294117647058823428e-01
2.976470588235294312e-01 2.647058823529411242e-01 2.317647058823529282e-01
3.011764705882353232e-01 2.676470588235293491e-01 2.341176470588235137e-01
3.047058823529412153e-01 2.705882352941176294e-01 2.364705882352941269e-01
3.082352941176470518e-01 2.735294117647058543e-01 2.388235294117646845e-01
3.117647058823529993e-01 2.764705882352941346e-01 2.411764705882352977e-01
3.152941176470588358e-01 2.794117647058823040e-01 2.435294117647058554e-01
3.188235294117647278e-01 2.823529411764705843e-01 2.458823529411764686e-01
3.223529411764706198e-01 2.852941176470588092e-01 2.482352941176470540e-01
3.258823529411765119e-01 2.882352941176470340e-01 2.505882352941176672e-01
3.294117647058824039e-01 2.911764705882352589e-01 2.529411764705882248e-01
3.329411764705881849e-01 2.941176470588234837e-01 2.552941176470587825e-01
3.364705882352941879e-01 2.970588235294117085e-01 2.576470588235293957e-01
3.400000000000000799e-01 2.999999999999999889e-01 2.600000000000000089e-01
3.435294117647059164e-01 3.029411764705882137e-01 2.623529411764705666e-01
3.470588235294118085e-01 3.058823529411764386e-01 2.647058823529411242e-01
3.505882352941176450e-01 3.088235294117647189e-01 2.670588235294117929e-01
3.541176470588235370e-01 3.117647058823529438e-01 2.694117647058823506e-01
3.576470588235294290e-01 3.147058823529411686e-01 2.717647058823529083e-01
3.611764705882353210e-01 3.176470588235293380e-01 2.741176470588234659e-01
3.647058823529412130e-01 3.205882352941176183e-01 2.764705882352941346e-01
3.682352941176471051e-01 3.235294117647058432e-01 2.788235294117646923e-01
3.717647058823529971e-01 3.264705882352940680e-01 2.811764705882352500e-01
3.752941176470588891e-01 3.294117647058822929e-01 2.835294117647058632e-01
3.788235294117647811e-01 3.323529411764705732e-01 2.858823529411764763e-01
3.823529411764706731e-01 3.352941176470587981e-01 2.882352941176470340e-01
3.858823529411764541e-01 3.382352941176470229e-01 2.905882352941175917e-01
3.894117647058823461e-01 3.411764705882351922e-01 2.929411764705881493e-01
3.929411764705882382e-01 3.441176470588235281e-01 2.952941176470588180e-01
3.964705882352941302e-01 3.470588235294117530e-01 2.976470588235293757e-01
4.000000000000000222e-01 3.499999999999999778e-01 2.999999999999999889e-01
3.988235294117647434e-01 3.541176470588234815e-01 3.047058823529411598e-01
3.976470588235294090e-01 3.582352941176470407e-01 3.094117647058823306e-01
3.964705882352941302e-01 3.623529411764705443e-01 3.141176470588235015e-01
3.952941176470588514e-01 3.664705882352941035e-01 3.188235294117646723e-01
3.941176470588235725e-01 3.705882352941175517e-01 3.235294117647057877e-01
3.929411764705882382e-01 3.747058823529411664e-01 3.282352941176470695e-01
3.917647058823529593e-01 3.788235294117646701e-01 3.329411764705882404e-01
3.905882352941176805e-01 3.829411764705882293e-01 3.376470588235294112e-01
3.894117647058823461e-01 3.870588235294117330e-01 3.423529411764705821e-01
3.882352941176470673e-01 3.911764705882352922e-01 3.470588235294117530e-01
3.870588235294117885e-01 3.952941176470587958e-01 3.517647058823529238e-01
3.858823529411765096e-01 3.994117647058823550e-01 3.564705882352940947e-01
3.847058823529412308e-01 4.035294117647058032e-01 3.611764705882352100e-01
3.835294117647058965e-01 4.076470588235293624e-01 3.658823529411764364e-01
3.823529411764706176e-01 4.117647058823529216e-01 3.705882352941176627e-01
3.811764705882353388e-01 4.158823529411764253e-01 3.752941176470587781e-01
3.800000000000000044e-01 4.199999999999999845e-01 3.800000000000000044e-01
3.788235294117647256e-01 4.241176470588234881e-01 3.847058823529411753e-01
3.776470588235294468e-01 4.282352941176470473e-01 3.894117647058823461e-01
3.764705882352941124e-01 4.323529411764705510e-01 3.941176470588235170e-01
3.752941176470588336e-01 4.364705882352940547e-01 3.988235294117646323e-01
3.741176470588235548e-01 4.405882352941176139e-01 4.035294117647058587e-01
3.729411764705882759e-01 4.447058823529411731e-01 4.082352941176470296e-01
3.717647058823529416e-01 4.488235294117646768e-01 4.129411764705882004e-01
3.705882352941176627e-01 4.529411764705881804e-01 4.176470588235293713e-01
3.694117647058823839e-01 4.570588235294117396e-01 4.223529411764705976e-01
3.682352941176470495e-01 4.611764705882352433e-01 4.270588235294117130e-01
3.670588235294117707e-01 4.652941176470588025e-01 4.317647058823529393e-01
3.658823529411764919e-01 4.694117647058822507e-01 4.364705882352940547e-01
3.647058823529412130e-01 4.735294117647058654e-01 4.411764705882352811e-01
3.635294117647058787e-01 4.776470588235293691e-01 4.458823529411764519e-01
3.623529411764705999e-01 4.817647058823528727e-01 4.505882352941176228e-01
3.611764705882353210e-01 4.858823529411764319e-01 4.552941176470587936e-01
3.599999999999999867e-01 4.899999999999999911e-01 4.599999999999999645e-01
3.588235294117647078e-01 4.941176470588234948e-01 4.647058823529411353e-01
3.576470588235294290e-01 4.982352941176469985e-01 4.694117647058823062e-01
3.564705882352941502e-01 5.023529411764704466e-01 4.741176470588234215e-01
3.552941176470588158e-01 5.064705882352941169e-01 4.788235294117646479e-01
3.541176470588235370e-01 5.105882352941175650e-01 4.835294117647058743e-01
3.529411764705882582e-01 5.147058823529411242e-01 4.882352941176469896e-01
3.517647058823529238e-01 5.188235294117646834e-01 4.929411764705882160e-01
3.505882352941176450e-01 5.229411764705882426e-01 4.976470588235293868e-01
3.494117647058823661e-01 5.270588235294116908e-01 5.023529411764705577e-01
3.482352941176470873e-01 5.311764705882352500e-01 5.070588235294117840e-01
3.470588235294117530e-01 5.352941176470588092e-01 5.117647058823528994e-01
3.458823529411764741e-01 5.394117647058822573e-01 5.164705882352940147e-01
3.447058823529411953e-01 5.435294117647057055e-01 5.211764705882351301e-01
3.435294117647058609e-01 5.476470588235293757e-01 5.258823529411764675e-01
3.423529411764705821e-01 5.517647058823529349e-01 5.305882352941175828e-01
3.411764705882353033e-01 5.558823529411764941e-01 5.352941176470588092e-01
3.400000000000000244e-01 5.599999999999999423e-01 5.399999999999999245e-01
3.388235294117646901e-01 5.641176470588235015e-01 5.447058823529411509e-01
3.376470588235294112e-01 5.682352941176470607e-01 5.494117647058822662e-01
3.364705882352941324e-01 5.723529411764705088e-01 5.541176470588234926e-01
3.352941176470588536e-01 5.764705882352940680e-01 5.588235294117647189e-01
3.341176470588235192e-01 5.805882352941176272e-01 5.635294117647058343e-01
3.329411764705882404e-01 5.847058823529411864e-01 5.682352941176469496e-01
3.317647058823529616e-01 5.888235294117646346e-01 5.729411764705882870e-01
3.305882352941176272e-01 5.929411764705881938e-01 5.776470588235294024e-01
3.294117647058823484e-01 5.970588235294117530e-01 5.823529411764705177e-01
3.282352941176470695e-01 6.011764705882352011e-01 5.870588235294117441e-01
3.270588235294117352e-01 6.052941176470587603e-01 5.917647058823529704e-01
3.258823529411765119e-01 6.094117647058822085e-01 5.964705882352939748e-01
3.247058823529411775e-01 6.135294117647058787e-01 6.011764705882352011e-01
3.235294117647058987e-01 6.176470588235293269e-01 6.058823529411764275e-01
3.223529411764705643e-01 6.217647058823528861e-01 6.105882352941176539e-01
3.211764705882352855e-01 6.258823529411764452e-01 6.152941176470587692e-01
3.200000000000000067e-01 6.299999999999998934e-01 6.199999999999999956e-01
3.188235294117647278e-01 6.341176470588234526e-01 6.247058823529412219e-01
3.176470588235293935e-01 6.382352941176470118e-01 6.294117647058823373e-01
3.164705882352941146e-01 6.423529411764705710e-01 6.341176470588234526e-01
3.152941176470588358e-01 6.464705882352941302e-01 6.388235294117646790e-01
3.141176470588235015e-01 6.505882352941175784e-01 6.435294117647057943e-01
3.129411764705882226e-01 6.547058823529411375e-01 6.482352941176470207e-01
3.117647058823529438e-01 6.588235294117645857e-01 6.529411764705881360e-01
3.105882352941176094e-01 6.629411764705881449e-01 6.576470588235293624e-01
3.094117647058823306e-01 6.670588235294117041e-01 6.623529411764705888e-01
3.082352941176470518e-01 6.711764705882352633e-01 6.670588235294117041e-01
3.070588235294117729e-01 6.752941176470586004e-01 6.717647058823528194e-01
3.058823529411764941e-01 6.794117647058823817e-01 6.764705882352940458e-01
3.047058823529411598e-01 6.835294117647058298e-01 6.811764705882352722e-01
3.035294117647058809e-01 6.876470588235293890e-01 6.858823529411763875e-01
3.023529411764706021e-01 6.917647058823528372e-01 6.905882352941176139e-01
3.011764705882352677e-01 6.958823529411763964e-01 6.952941176470588402e-01
2.999999999999999889e-01 6.999999999999999556e-01 6.999999999999999556e-01
3.082352941176470518e-01 7.035294117647058476e-01 7.028373702422144875e-01
3.164705882352941146e-01 7.070588235294117396e-01 7.056747404844290195e-01
3.247058823529411775e-01 7.105882352941176316e-01 7.085121107266435514e-01
3.329411764705882404e-01 7.141176470588235237e-01 7.113494809688580833e-01
3.411764705882353033e-01 7.176470588235294157e-01 7.141868512110726153e-01
3.494117647058823106e-01 7.211764705882353077e-01 7.170242214532871472e-01
3.576470588235293735e-01 7.247058823529410887e-01 7.198615916955016791e-01
3.658823529411764364e-01 7.282352941176469807e-01 7.226989619377162111e-01
3.741176470588234992e-01 7.317647058823528727e-01 7.255363321799307430e-01
3.823529411764703401e-01 7.352941176470586537e-01 7.283737024221451639e-01
3.905882352941176250e-01 7.388235294117646568e-01 7.312110726643598069e-01
3.988235294117646879e-01 7.423529411764705488e-01 7.340484429065743388e-01
4.070588235294117507e-01 7.458823529411764408e-01 7.368858131487888707e-01
4.152941176470588136e-01 7.494117647058823328e-01 7.397231833910034027e-01
4.235294117647058765e-01 7.529411764705882248e-01 7.425605536332179346e-01
4.317647058823529393e-01 7.564705882352941169e-01 7.453979238754324665e-01
4.399999999999999467e-01 7.600000000000000089e-01 7.482352941176469985e-01
4.482352941176470651e-01 7.635294117647057899e-01 7.510726643598615304e-01
4.564705882352940725e-01 7.670588235294117929e-01 7.539100346020760623e-01
4.647058823529411908e-01 7.705882352941175739e-01 7.567474048442905943e-01
4.729411764705881982e-01 7.741176470588234659e-01 7.595847750865051262e-01
4.811764705882353166e-01 7.776470588235293580e-01 7.624221453287196582e-01
4.894117647058823239e-01 7.811764705882352500e-01 7.652595155709341901e-01
4.976470588235293868e-01 7.847058823529411420e-01 7.680968858131487220e-01
5.058823529411764497e-01 7.882352941176470340e-01 7.709342560553632540e-01
5.141176470588233460e-01 7.917647058823528150e-01 7.737716262975777859e-01
5.223529411764705754e-01 7.952941176470588180e-01 7.766089965397923178e-01
5.305882352941175828e-01 7.988235294117647101e-01 7.794463667820068498e-01
5.388235294117647012e-01 8.023529411764706021e-01 7.822837370242213817e-01
5.470588235294118196e-01 8.058823529411764941e-01 7.851211072664359136e-01
5.552941176470587159e-01 8.094117647058822751e-01 7.879584775086504456e-01
5.635294117647058343e-01 8.129411764705881671e-01 7.907958477508649775e-01
5.717647058823529527e-01 8.164705882352940591e-01 7.936332179930795094e-01
5.799999999999999600e-01 8.199999999999999512e-01 7.964705882352940414e-01
5.882352941176469674e-01 8.235294117647058432e-01 7.993079584775085733e-01
5.964705882352940858e-01 8.270588235294117352e-01 8.021453287197231052e-01
6.047058823529412042e-01 8.305882352941176272e-01 8.049826989619377482e-01
6.129411764705882115e-01 8.341176470588235192e-01 8.078200692041521691e-01
6.211764705882352189e-01 8.376470588235294112e-01 8.106574394463667010e-01
6.294117647058823373e-01 8.411764705882353033e-01 8.134948096885812330e-01
6.376470588235294557e-01 8.447058823529411953e-01 8.163321799307958759e-01
6.458823529411762410e-01 8.482352941176469763e-01 8.191695501730102968e-01
6.541176470588234704e-01 8.517647058823529793e-01 8.220069204152249398e-01
6.623529411764705888e-01 8.552941176470587603e-01 8.248442906574394717e-01
6.705882352941175961e-01 8.588235294117646523e-01 8.276816608996540037e-01
6.788235294117646035e-01 8.623529411764705443e-01 8.305190311418684246e-01
6.870588235294117219e-01 8.658823529411764364e-01 8.333564013840830675e-01
6.952941176470588402e-01 8.694117647058823284e-01 8.361937716262974885e-01
7.035294117647057366e-01 8.729411764705882204e-01 8.390311418685121314e-01
7.117647058823528550e-01 8.764705882352941124e-01 8.418685121107266633e-01
7.199999999999999734e-01 8.800000000000000044e-01 8.447058823529411953e-01
7.282352941176470917e-01 8.835294117647058965e-01 8.475432525951557272e-01
7.364705882352940991e-01 8.870588235294117885e-01 8.503806228373702591e-01
7.447058823529411065e-01 8.905882352941176805e-01 8.532179930795846801e-01
7.529411764705882248e-01 8.941176470588234615e-01 8.560553633217993230e-01
7.611764705882352322e-01 8.976470588235293535e-01 8.588927335640138550e-01
7.694117647058822396e-01 9.011764705882352455e-01 8.617301038062283869e-01
7.776470588235291359e-01 9.047058823529410265e-01 8.645674740484428078e-01
7.858823529411764763e-01 9.082352941176470296e-01 8.674048442906574508e-01
7.941176470588235947e-01 9.117647058823529216e-01 8.702422145328719827e-01
8.023529411764704911e-01 9.152941176470588136e-01 8.730795847750865146e-01
8.105882352941176094e-01 9.188235294117647056e-01 8.759169550173010466e-01
8.188235294117647278e-01 9.223529411764705976e-01 8.787543252595155785e-01
8.270588235294116242e-01 9.258823529411764897e-01 8.815916955017301104e-01
8.352941176470587425e-01 9.294117647058823817e-01 8.844290657439446424e-01
8.435294117647058609e-01 9.329411764705881627e-01 8.872664359861591743e-01
8.517647058823529793e-01 9.364705882352941657e-01 8.901038062283737062e-01
8.599999999999998757e-01 9.399999999999999467e-01 8.929411764705882382e-01
8.682352941176469940e-01 9.435294117647058387e-01 8.957785467128027701e-01
8.764705882352941124e-01 9.470588235294117307e-01 8.986159169550173020e-01
8.847058823529412308e-01 9.505882352941176228e-01 9.014532871972318340e-01
8.929411764705881271e-01 9.541176470588235148e-01 9.042906574394463659e-01
9.011764705882352455e-01 9.576470588235294068e-01 9.071280276816608978e-01
9.094117647058821419e-01 9.611764705882351878e-01 9.099653979238753188e-01
9.176470588235292603e-01 9.647058823529411908e-01 9.128027681660899617e-01
9.258823529411763786e-01 9.682352941176470829e-01 9.156401384083044936e-01
9.341176470588234970e-01 9.717647058823528639e-01 9.184775086505190256e-01
9.423529411764706154e-01 9.752941176470588669e-01 9.213148788927335575e-01
9.505882352941175117e-01 9.788235294117646479e-01 9.241522491349480894e-01
9.588235294117646301e-01 9.823529411764706509e-01 9.269896193771626214e-01
9.670588235294117485e-01 9.858823529411764319e-01 9.298269896193771533e-01
9.752941176470588669e-01 9.894117647058824350e-01 9.326643598615916853e-01
9.835294117647057632e-01 9.929411764705882160e-01 9.355017301038062172e-01
9.917647058823528816e-01 9.964705882352941080e-01 9.383391003460207491e-01
1.000000000000000000e+00 1.000000000000000000e+00 9.411764705882352811e-01
