1.000000000000000056e-01 4.000000000000000222e-01 4.000000000000000222e-01
1.015686274509804005e-01 4.053333333333333788e-01 4.036078431372549513e-01
1.031372549019607954e-01 4.106666666666666798e-01 4.072156862745098249e-01
1.047058823529411764e-01 4.160000000000000364e-01 4.108235294117646985e-01
1.062745098039215713e-01 4.213333333333333375e-01 4.144313725490196276e-01
1.078431372549019662e-01 4.266666666666666941e-01 4.180392156862745567e-01
1.094117647058823611e-01 4.319999999999999951e-01 4.216470588235294303e-01
1.109803921568627560e-01 4.373333333333333517e-01 4.252549019607843594e-01
1.125490196078431371e-01 4.426666666666667083e-01 4.288627450980392330e-01
1.141176470588235320e-01 4.480000000000000093e-01 4.324705882352941622e-01
1.156862745098039269e-01 4.533333333333333659e-01 4.360784313725490358e-01
1.172549019607843218e-01 4.586666666666666670e-01 4.396862745098039094e-01
1.188235294117647167e-01 4.640000000000000235e-01 4.432941176470588385e-01
1.203921568627450978e-01 4.693333333333333801e-01 4.469019607843137676e-01
1.219607843137254927e-01 4.746666666666666812e-01 4.505098039215686412e-01
1.235294117647058876e-01 4.799999999999999822e-01 4.541176470588235703e-01
1.250980392156862964e-01 4.853333333333333388e-01 4.577254901960784439e-01
1.266666666666666774e-01 4.906666666666666954e-01 4.613333333333333730e-01
1.282352941176470584e-01 4.959999999999999964e-01 4.649411764705882466e-01
1.298039215686274672e-01 5.013333333333332975e-01 4.685490196078431202e-01
1.313725490196078483e-01 5.066666666666667096e-01 4.721568627450980493e-01
1.329411764705882293e-01 5.120000000000000107e-01 4.757647058823529784e-01
1.345098039215686381e-01 5.173333333333333117e-01 4.793725490196078520e-01
1.360784313725490191e-01 5.226666666666667238e-01 4.829803921568627256e-01
1.376470588235294279e-01 5.280000000000000249e-01 4.865882352941176547e-01
1.392156862745098089e-01 5.333333333333333259e-01 4.901960784313725839e-01
1.407843137254902177e-01 5.386666666666666270e-01 4.938039215686274575e-01
1.423529411764705987e-01 5.440000000000000391e-01 4.974117647058823866e-01
1.439215686274509798e-01 5.493333333333333401e-01 5.010196078431372602e-01
1.454901960784313886e-01 5.546666666666666412e-01 5.046274509803921893e-01
1.470588235294117696e-01 5.600000000000000533e-01 5.082352941176471184e-01
1.486274509803921506e-01 5.653333333333333544e-01 5.118431372549019365e-01
1.501960784313725594e-01 5.706666666666666554e-01 5.154509803921568656e-01
1.517647058823529405e-01 5.759999999999999565e-01 5.190588235294117947e-01
1.533333333333333492e-01 5.813333333333333686e-01 5.226666666666667238e-01
1.549019607843137303e-01 5.866666666666666696e-01 5.262745098039216529e-01
1.564705882352941391e-01 5.919999999999999707e-01 5.298823529411764710e-01
1.580392156862745201e-01 5.973333333333332718e-01 5.334901960784314001e-01
1.596078431372549011e-01 6.026666666666666838e-01 5.370980392156863292e-01
1.611764705882353099e-01 6.079999999999999849e-01 5.407058823529411473e-01
1.627450980392156910e-01 6.133333333333332860e-01 5.443137254901960764e-01
1.643137254901960720e-01 6.186666666666666980e-01 5.479215686274510055e-01
1.658823529411764808e-01 6.239999999999999991e-01 5.515294117647058236e-01
1.674509803921568896e-01 6.293333333333333002e-01 5.551372549019608638e-01
1.690196078431372428e-01 6.346666666666667123e-01 5.587450980392156819e-01
1.705882352941176516e-01 6.400000000000000133e-01 5.623529411764706110e-01
1.721568627450980604e-01 6.453333333333333144e-01 5.659607843137255401e-01
1.737254901960784415e-01 6.506666666666667265e-01 5.695686274509803582e-01
1.752941176470588225e-01 6.559999999999999165e-01 5.731764705882352873e-01
1.768627450980392313e-01 6.613333333333333286e-01 5.767843137254902164e-01
1.784313725490196123e-01 6.666666666666667407e-01 5.803921568627450345e-01
1.800000000000000211e-01 6.719999999999999307e-01 5.840000000000000746e-01
1.815686274509804021e-01 6.773333333333333428e-01 5.876078431372548927e-01
1.831372549019607832e-01 6.826666666666666439e-01 5.912156862745098218e-01
1.847058823529411919e-01 6.879999999999999449e-01 5.948235294117647509e-01
1.862745098039215730e-01 6.933333333333333570e-01 5.984313725490195690e-01
1.878431372549019818e-01 6.986666666666666581e-01 6.020392156862744981e-01
1.894117647058823628e-01 7.039999999999999591e-01 6.056470588235294272e-01
1.909803921568627438e-01 7.093333333333333712e-01 6.092549019607843563e-01
1.925490196078431526e-01 7.146666666666666723e-01 6.128627450980392855e-01
1.941176470588235337e-01 7.199999999999999734e-01 6.164705882352941035e-01
1.956862745098039147e-01 7.253333333333333854e-01 6.200784313725490327e-01
1.972549019607843235e-01 7.306666666666665755e-01 6.236862745098039618e-01
1.988235294117647323e-01 7.359999999999999876e-01 6.272941176470587799e-01
2.031372549019608009e-01 7.410196078431372513e-01 6.314509803921568576e-01
2.156862745098039325e-01 7.450980392156862919e-01 6.372549019607842702e-01
2.282352941176468974e-01 7.491764705882352215e-01 6.430588235294116828e-01
2.407843137254901955e-01 7.532549019607842622e-01 6.488627450980392064e-01
2.533333333333333548e-01 7.573333333333333028e-01 6.546666666666666190e-01
2.658823529411764586e-01 7.614117647058823435e-01 6.604705882352941426e-01
2.784313725490196179e-01 7.654901960784313841e-01 6.662745098039215552e-01
2.909803921568627771e-01 7.695686274509804248e-01 6.720784313725489678e-01
3.035294117647059364e-01 7.736470588235293544e-01 6.778823529411764914e-01
3.160784313725490402e-01 7.777254901960783950e-01 6.836862745098039040e-01
3.286274509803920330e-01 7.818039215686274357e-01 6.894901960784313166e-01
3.411764705882353033e-01 7.858823529411764763e-01 6.952941176470588402e-01
3.537254901960784625e-01 7.899607843137255170e-01 7.010980392156862528e-01
3.662745098039216218e-01 7.940392156862745576e-01 7.069019607843137765e-01
3.788235294117647256e-01 7.981176470588234872e-01 7.127058823529411891e-01
3.913725490196078849e-01 8.021960784313725279e-01 7.185098039215686017e-01
4.039215686274509887e-01 8.062745098039215685e-01 7.243137254901961253e-01
4.164705882352941479e-01 8.103529411764706092e-01 7.301176470588235379e-01
4.290196078431370852e-01 8.144313725490195388e-01 7.359215686274509505e-01
4.415686274509804110e-01 8.185098039215685795e-01 7.417254901960784741e-01
4.541176470588235148e-01 8.225882352941176201e-01 7.475294117647058867e-01
4.666666666666666741e-01 8.266666666666666607e-01 7.533333333333332993e-01
4.792156862745098334e-01 8.307450980392157014e-01 7.591372549019608229e-01
4.917647058823529371e-01 8.348235294117647420e-01 7.649411764705882355e-01
5.043137254901961519e-01 8.389019607843136717e-01 7.707450980392156481e-01
5.168627450980392002e-01 8.429803921568627123e-01 7.765490196078431717e-01
5.294117647058822484e-01 8.470588235294116419e-01 7.823529411764704733e-01
5.419607843137255188e-01 8.511372549019607936e-01 7.881568627450979969e-01
5.545098039215685670e-01 8.552156862745098342e-01 7.939607843137255205e-01
5.670588235294118373e-01 8.592941176470587639e-01 7.997647058823529331e-01
5.796078431372548856e-01 8.633725490196078045e-01 8.055686274509803457e-01
5.921568627450980449e-01 8.674509803921568452e-01 8.113725490196078693e-01
6.047058823529412042e-01 8.715294117647058858e-01 8.171764705882352819e-01
6.172549019607843634e-01 8.756078431372549264e-01 8.229803921568628056e-01
6.298039215686273007e-01 8.796862745098038561e-01 8.287843137254901071e-01
6.423529411764705710e-01 8.837647058823530077e-01 8.345882352941176308e-01
6.549019607843137303e-01 8.878431372549019374e-01 8.403921568627450434e-01
6.674509803921568896e-01 8.919215686274509780e-01 8.461960784313725670e-01
6.799999999999999378e-01 8.960000000000000187e-01 8.519999999999999796e-01
6.925490196078432081e-01 9.000784313725490593e-01 8.578039215686275032e-01
7.050980392156862564e-01 9.041568627450979889e-01 8.636078431372549158e-01
7.176470588235295267e-01 9.082352941176470296e-01 8.694117647058823284e-01
7.301960784313723529e-01 9.123137254901960702e-01 8.752156862745097410e-01
7.427450980392158453e-01 9.163921568627451109e-01 8.810196078431372646e-01
7.552941176470588935e-01 9.204705882352941515e-01 8.868235294117646772e-01
7.678431372549019418e-01 9.245490196078431921e-01 8.926274509803922008e-01
7.803921568627452121e-01 9.286274509803921218e-01 8.984313725490196134e-01
7.929411764705882604e-01 9.327058823529411624e-01 9.042352941176470260e-01
8.054901960784313086e-01 9.367843137254902031e-01 9.100392156862744386e-01
8.180392156862745789e-01 9.408627450980392437e-01 9.158431372549019622e-01
8.305882352941174052e-01 9.449411764705881733e-01 9.216470588235292638e-01
8.431372549019608975e-01 9.490196078431372140e-01 9.274509803921568984e-01
8.556862745098039458e-01 9.530980392156862546e-01 9.332549019607843110e-01
8.682352941176472161e-01 9.571764705882352953e-01 9.390588235294117236e-01
8.807843137254902643e-01 9.612549019607843359e-01 9.448627450980391362e-01
8.933333333333333126e-01 9.653333333333333766e-01 9.506666666666666599e-01
9.058823529411765829e-01 9.694117647058823062e-01 9.564705882352941835e-01
9.184313725490196312e-01 9.734901960784313468e-01 9.622745098039215961e-01
9.309803921568626794e-01 9.775686274509802764e-01 9.680784313725490087e-01
9.435294117647059498e-01 9.816470588235294281e-01 9.738823529411764213e-01
9.560784313725489980e-01 9.857254901960783577e-01 9.796862745098038339e-01
9.686274509803922683e-01 9.898039215686273984e-01 9.854901960784313575e-01
9.811764705882353166e-01 9.938823529411764390e-01 9.912941176470588811e-01
9.937254901960785869e-01 9.979607843137254797e-01 9.970980392156862937e-01
9.983529411764705541e-01 9.970980392156862937e-01 9.937254901960784759e-01
9.950588235294117734e-01 9.912941176470587701e-01 9.811764705882353166e-01
9.917647058823529926e-01 9.854901960784313575e-01 9.686274509803921573e-01
9.884705882352941009e-01 9.796862745098039449e-01 9.560784313725489980e-01
9.851764705882354312e-01 9.738823529411766433e-01 9.435294117647062828e-01
9.818823529411764284e-01 9.680784313725490087e-01 9.309803921568627905e-01
9.785882352941176476e-01 9.622745098039215961e-01 9.184313725490196312e-01
9.752941176470588669e-01 9.564705882352940725e-01 9.058823529411764719e-01
9.719999999999999751e-01 9.506666666666666599e-01 8.933333333333333126e-01
9.687058823529411944e-01 9.448627450980392473e-01 8.807843137254901533e-01
9.654117647058824137e-01 9.390588235294117236e-01 8.682352941176469940e-01
9.621176470588235219e-01 9.332549019607843110e-01 8.556862745098039458e-01
9.588235294117647411e-01 9.274509803921568984e-01 8.431372549019607865e-01
9.555294117647058494e-01 9.216470588235293748e-01 8.305882352941176272e-01
9.522352941176470686e-01 9.158431372549019622e-01 8.180392156862744679e-01
9.489411764705882879e-01 9.100392156862745496e-01 8.054901960784313086e-01
9.456470588235293961e-01 9.042352941176470260e-01 7.929411764705882604e-01
9.423529411764706154e-01 8.984313725490196134e-01 7.803921568627451011e-01
9.390588235294117236e-01 8.926274509803922008e-01 7.678431372549019418e-01
9.357647058823529429e-01 8.868235294117646772e-01 7.552941176470587825e-01
9.324705882352941622e-01 8.810196078431373756e-01 7.427450980392160673e-01
9.291764705882352704e-01 8.752156862745097410e-01 7.301960784313725750e-01
9.258823529411764897e-01 8.694117647058823284e-01 7.176470588235293047e-01
9.225882352941177089e-01 8.636078431372549158e-01 7.050980392156862564e-01
9.192941176470588172e-01 8.578039215686275032e-01 6.925490196078430971e-01
9.160000000000000364e-01 8.519999999999999796e-01 6.799999999999999378e-01
9.127058823529411447e-01 8.461960784313725670e-01 6.674509803921568896e-01
9.094117647058823639e-01 8.403921568627450434e-01 6.549019607843136193e-01
9.061176470588235832e-01 8.345882352941176308e-01 6.423529411764705710e-01
9.028235294117646914e-01 8.287843137254902182e-01 6.298039215686274117e-01
8.995294117647059107e-01 8.229803921568628056e-01 6.172549019607842524e-01
8.962352941176470189e-01 8.171764705882352819e-01 6.047058823529412042e-01
8.929411764705882382e-01 8.113725490196078693e-01 5.921568627450980449e-01
8.896470588235294574e-01 8.055686274509803457e-01 5.796078431372548856e-01
8.863529411764705657e-01 7.997647058823529331e-01 5.670588235294118373e-01
8.830588235294117849e-01 7.939607843137255205e-01 5.545098039215685670e-01
8.797647058823530042e-01 7.881568627450982190e-01 5.419607843137258518e-01
8.764705882352941124e-01 7.823529411764705843e-01 5.294117647058822484e-01
8.731764705882353317e-01 7.765490196078431717e-01 5.168627450980392002e-01
8.698823529411765509e-01 7.707450980392156481e-01 5.043137254901960409e-01
8.665882352941176592e-01 7.649411764705882355e-01 4.917647058823529926e-01
8.632941176470588784e-01 7.591372549019608229e-01 4.792156862745097223e-01
8.600000000000000977e-01 7.533333333333334103e-01 4.666666666666666741e-01
8.567058823529412059e-01 7.475294117647058867e-01 4.541176470588235148e-01
8.534117647058824252e-01 7.417254901960784741e-01 4.415686274509803555e-01
8.501176470588235334e-01 7.359215686274509505e-01 4.290196078431371962e-01
8.468235294117647527e-01 7.301176470588235379e-01 4.164705882352941479e-01
8.435294117647058609e-01 7.243137254901961253e-01 4.039215686274509887e-01
8.402352941176470802e-01 7.185098039215687127e-01 3.913725490196078294e-01
8.369411764705882995e-01 7.127058823529411891e-01 3.788235294117646701e-01
8.336470588235294077e-01 7.069019607843136654e-01 3.662745098039215108e-01
8.303529411764706269e-01 7.010980392156862528e-01 3.537254901960783515e-01
8.270588235294118462e-01 6.952941176470590623e-01 3.411764705882356363e-01
8.237647058823529544e-01 6.894901960784314277e-01 3.286274509803921440e-01
8.204705882352941737e-01 6.836862745098040151e-01 3.160784313725489847e-01
8.171764705882352819e-01 6.778823529411764914e-01 3.035294117647058254e-01
8.138823529411765012e-01 6.720784313725489678e-01 2.909803921568627771e-01
8.105882352941176094e-01 6.662745098039215552e-01 2.784313725490195068e-01
8.072941176470588287e-01 6.604705882352941426e-01 2.658823529411764586e-01
8.040000000000000480e-01 6.546666666666667300e-01 2.533333333333332993e-01
8.007058823529411562e-01 6.488627450980393174e-01 2.407843137254901400e-01
7.974117647058823755e-01 6.430588235294116828e-01 2.282352941176469807e-01
7.941176470588235947e-01 6.372549019607842702e-01 2.156862745098039325e-01
7.908235294117647030e-01 6.314509803921568576e-01 2.031372549019607732e-01
7.860000000000000320e-01 6.267058823529412237e-01 1.988235294117647045e-01
7.806666666666667309e-01 6.223137254901960347e-01 1.972549019607843235e-01
7.753333333333333188e-01 6.179215686274509567e-01 1.956862745098039424e-01
7.700000000000000178e-01 6.135294117647058787e-01 1.941176470588235337e-01
7.646666666666668277e-01 6.091372549019609117e-01 1.925490196078431804e-01
7.593333333333334156e-01 6.047450980392157227e-01 1.909803921568627438e-01
7.540000000000000036e-01 6.003529411764705337e-01 1.894117647058823628e-01
7.486666666666667025e-01 5.959607843137254557e-01 1.878431372549019818e-01
7.433333333333334014e-01 5.915686274509803777e-01 1.862745098039215730e-01
7.379999999999999893e-01 5.871764705882352997e-01 1.847058823529411919e-01
7.326666666666666883e-01 5.827843137254902217e-01 1.831372549019607832e-01
7.273333333333333872e-01 5.783921568627451437e-01 1.815686274509804021e-01
7.219999999999999751e-01 5.739999999999999547e-01 1.799999999999999933e-01
7.166666666666666741e-01 5.696078431372548767e-01 1.784313725490196123e-01
7.113333333333333730e-01 5.652156862745097987e-01 1.768627450980392313e-01
7.060000000000000719e-01 5.608235294117647207e-01 1.752941176470588225e-01
7.006666666666666599e-01 5.564313725490196427e-01 1.737254901960784415e-01
6.953333333333333588e-01 5.520392156862745647e-01 1.721568627450980604e-01
6.900000000000000577e-01 5.476470588235293757e-01 1.705882352941176516e-01
6.846666666666666456e-01 5.432549019607842977e-01 1.690196078431372706e-01
6.793333333333335666e-01 5.388627450980393307e-01 1.674509803921569173e-01
6.740000000000000435e-01 5.344705882352941417e-01 1.658823529411764808e-01
6.686666666666667425e-01 5.300784313725490637e-01 1.643137254901960720e-01
6.633333333333333304e-01 5.256862745098038747e-01 1.627450980392156910e-01
6.580000000000000293e-01 5.212941176470587967e-01 1.611764705882353099e-01
6.526666666666667282e-01 5.169019607843137187e-01 1.596078431372549011e-01
6.473333333333333162e-01 5.125098039215686407e-01 1.580392156862745201e-01
6.420000000000000151e-01 5.081176470588235627e-01 1.564705882352941391e-01
6.366666666666667140e-01 5.037254901960783737e-01 1.549019607843137303e-01
6.313333333333333020e-01 4.993333333333332957e-01 1.533333333333333492e-01
6.260000000000000009e-01 4.949411764705882177e-01 1.517647058823529405e-01
6.206666666666666998e-01 4.905490196078431397e-01 1.501960784313725594e-01
6.153333333333333988e-01 4.861568627450980618e-01 1.486274509803921784e-01
6.099999999999999867e-01 4.817647058823529282e-01 1.470588235294117696e-01
6.046666666666666856e-01 4.773725490196078503e-01 1.454901960784313886e-01
5.993333333333333846e-01 4.729803921568627167e-01 1.439215686274509798e-01
5.940000000000001945e-01 4.685882352941177498e-01 1.423529411764706543e-01
5.886666666666666714e-01 4.641960784313725608e-01 1.407843137254902177e-01
5.833333333333333703e-01 4.598039215686274828e-01 1.392156862745098089e-01
5.780000000000000693e-01 4.554117647058823493e-01 1.376470588235294279e-01
5.726666666666666572e-01 4.510196078431372158e-01 1.360784313725490469e-01
5.673333333333333561e-01 4.466274509803921378e-01 1.345098039215686381e-01
5.620000000000000551e-01 4.422352941176470598e-01 1.329411764705882293e-01
5.566666666666666430e-01 4.378431372549019818e-01 1.313725490196078483e-01
5.513333333333333419e-01 4.334509803921569038e-01 1.298039215686274672e-01
5.460000000000000409e-01 4.290588235294117148e-01 1.282352941176470584e-01
5.406666666666667398e-01 4.246666666666666368e-01 1.266666666666666774e-01
5.353333333333333277e-01 4.202745098039215588e-01 1.250980392156862964e-01
5.300000000000000266e-01 4.158823529411764808e-01 1.235294117647058876e-01
5.246666666666666146e-01 4.114901960784313473e-01 1.219607843137254927e-01
5.193333333333334245e-01 4.070980392156862693e-01 1.203921568627451116e-01
5.140000000000000124e-01 4.027058823529411358e-01 1.188235294117647167e-01
5.086666666666668224e-01 3.983137254901961688e-01 1.172549019607843634e-01
5.033333333333334103e-01 3.939215686274509798e-01 1.156862745098039269e-01
4.980000000000000537e-01 3.895294117647059018e-01 1.141176470588235459e-01
4.926666666666666972e-01 3.851372549019607683e-01 1.125490196078431371e-01
4.873333333333333406e-01 3.807450980392156903e-01 1.109803921568627560e-01
4.820000000000000395e-01 3.763529411764705568e-01 1.094117647058823611e-01
4.766666666666666829e-01 3.719607843137254788e-01 1.078431372549019662e-01
4.713333333333333264e-01 3.675686274509803453e-01 1.062745098039215713e-01
4.660000000000000253e-01 3.631764705882352673e-01 1.047058823529411903e-01
4.606666666666666687e-01 3.587843137254901893e-01 1.031372549019607954e-01
4.553333333333333677e-01 3.543921568627451113e-01 1.015686274509804005e-01
4.500000000000000111e-01 3.499999999999999778e-01 1.000000000000000056e-01
