2.000000000000000111e-01 2.200000000000000011e-01 2.000000000000000111e-01
1.968627450980392213e-01 2.236078431372549025e-01 2.015686274509803921e-01
1.937254901960784315e-01 2.272156862745098038e-01 2.031372549019608009e-01
1.905882352941176694e-01 2.308235294117647052e-01 2.047058823529411820e-01
1.874509803921568796e-01 2.344313725490196065e-01 2.062745098039215907e-01
1.843137254901960898e-01 2.380392156862745079e-01 2.078431372549019718e-01
1.811764705882352999e-01 2.416470588235294092e-01 2.094117647058823528e-01
1.780392156862745101e-01 2.452549019607843106e-01 2.109803921568627616e-01
1.749019607843137480e-01 2.488627450980392120e-01 2.125490196078431426e-01
1.717647058823529582e-01 2.524705882352941133e-01 2.141176470588235237e-01
1.686274509803921684e-01 2.560784313725490424e-01 2.156862745098039325e-01
1.654901960784313786e-01 2.596862745098039160e-01 2.172549019607843135e-01
1.623529411764705888e-01 2.632941176470588451e-01 2.188235294117647223e-01
1.592156862745098267e-01 2.669019607843137187e-01 2.203921568627451033e-01
1.560784313725490369e-01 2.705098039215686478e-01 2.219607843137254843e-01
1.529411764705882470e-01 2.741176470588235214e-01 2.235294117647058931e-01
1.498039215686274572e-01 2.777254901960784506e-01 2.250980392156862742e-01
1.466666666666666674e-01 2.813333333333333242e-01 2.266666666666666829e-01
1.435294117647059053e-01 2.849411764705882533e-01 2.282352941176470640e-01
1.403921568627451155e-01 2.885490196078431269e-01 2.298039215686274450e-01
1.372549019607843257e-01 2.921568627450980560e-01 2.313725490196078538e-01
1.341176470588235359e-01 2.957647058823529296e-01 2.329411764705882348e-01
1.309803921568627461e-01 2.993725490196078587e-01 2.345098039215686159e-01
1.278431372549019840e-01 3.029803921568627323e-01 2.360784313725490247e-01
1.247058823529411803e-01 3.065882352941176614e-01 2.376470588235294057e-01
1.215686274509804043e-01 3.101960784313725350e-01 2.392156862745098145e-01
1.184313725490196145e-01 3.138039215686274641e-01 2.407843137254901955e-01
1.152941176470588247e-01 3.174117647058823377e-01 2.423529411764706043e-01
1.121568627450980488e-01 3.210196078431372668e-01 2.439215686274509853e-01
1.090196078431372589e-01 3.246274509803921404e-01 2.454901960784313664e-01
1.058823529411764830e-01 3.282352941176470695e-01 2.470588235294117752e-01
1.027450980392156932e-01 3.318431372549019986e-01 2.486274509803921562e-01
9.960784313725490335e-02 3.354509803921568722e-01 2.501960784313725372e-01
9.647058823529414129e-02 3.390588235294117458e-01 2.517647058823529460e-01
9.333333333333333759e-02 3.426666666666666750e-01 2.533333333333333548e-01
9.019607843137254777e-02 3.462745098039216041e-01 2.549019607843137081e-01
8.705882352941177182e-02 3.498823529411764777e-01 2.564705882352941169e-01
8.392156862745099588e-02 3.534901960784313513e-01 2.580392156862745257e-01
8.078431372549020606e-02 3.570980392156862804e-01 2.596078431372548789e-01
7.764705882352940236e-02 3.607058823529412095e-01 2.611764705882352877e-01
7.450980392156864029e-02 3.643137254901960831e-01 2.627450980392156965e-01
7.137254901960785047e-02 3.679215686274509567e-01 2.643137254901960498e-01
6.823529411764706065e-02 3.715294117647058858e-01 2.658823529411764586e-01
6.509803921568627083e-02 3.751372549019608149e-01 2.674509803921568674e-01
6.196078431372550877e-02 3.787450980392156885e-01 2.690196078431372761e-01
5.882352941176471894e-02 3.823529411764705621e-01 2.705882352941176294e-01
5.568627450980392912e-02 3.859607843137254912e-01 2.721568627450980382e-01
5.254901960784313930e-02 3.895686274509804203e-01 2.737254901960784470e-01
4.941176470588234948e-02 3.931764705882352939e-01 2.752941176470588003e-01
4.627450980392158741e-02 3.967843137254901675e-01 2.768627450980392091e-01
4.313725490196079759e-02 4.003921568627450966e-01 2.784313725490196179e-01
3.999999999999998002e-02 4.040000000000000258e-01 2.800000000000000266e-01
3.686274509803921795e-02 4.076078431372548994e-01 2.815686274509803799e-01
3.372549019607845588e-02 4.112156862745097730e-01 2.831372549019607887e-01
3.058823529411763831e-02 4.148235294117647021e-01 2.847058823529411420e-01
2.745098039215684849e-02 4.184313725490196312e-01 2.862745098039215508e-01
2.431372549019608642e-02 4.220392156862745048e-01 2.878431372549019596e-01
2.117647058823529660e-02 4.256470588235293784e-01 2.894117647058823684e-01
1.803921568627450678e-02 4.292549019607843075e-01 2.909803921568627216e-01
1.490196078431371696e-02 4.328627450980392366e-01 2.925490196078431304e-01
1.176470588235295489e-02 4.364705882352941657e-01 2.941176470588234837e-01
8.627450980392165070e-03 4.400784313725489838e-01 2.956862745098038925e-01
5.490196078431375248e-03 4.436862745098039129e-01 2.972549019607843013e-01
2.352941176470585427e-03 4.472941176470588420e-01 2.988235294117647101e-01
0.000000000000000000e+00 4.507843137254902155e-01 3.011764705882352677e-01
0.000000000000000000e+00 4.539215686274509776e-01 3.058823529411764386e-01
0.000000000000000000e+00 4.570588235294117396e-01 3.105882352941175539e-01
0.000000000000000000e+00 4.601960784313725572e-01 3.152941176470588358e-01
0.000000000000000000e+00 4.633333333333333193e-01 3.200000000000000067e-01
0.000000000000000000e+00 4.664705882352941368e-01 3.247058823529411775e-01
0.000000000000000000e+00 4.696078431372548989e-01 3.294117647058823484e-01
0.000000000000000000e+00 4.727450980392157165e-01 3.341176470588235192e-01
0.000000000000000000e+00 4.758823529411764786e-01 3.388235294117646901e-01
0.000000000000000000e+00 4.790196078431372406e-01 3.435294117647058609e-01
0.000000000000000000e+00 4.821568627450980027e-01 3.482352941176469763e-01
0.000000000000000000e+00 4.852941176470588203e-01 3.529411764705882026e-01
0.000000000000000000e+00 4.884313725490196378e-01 3.576470588235294290e-01
0.000000000000000000e+00 4.915686274509803999e-01 3.623529411764705999e-01
0.000000000000000000e+00 4.947058823529412175e-01 3.670588235294117707e-01
0.000000000000000000e+00 4.978431372549019795e-01 3.717647058823529416e-01
0.000000000000000000e+00 5.009803921568627416e-01 3.764705882352941124e-01
0.000000000000000000e+00 5.041176470588235592e-01 3.811764705882352833e-01
0.000000000000000000e+00 5.072549019607842657e-01 3.858823529411763986e-01
0.000000000000000000e+00 5.103921568627450833e-01 3.905882352941176250e-01
0.000000000000000000e+00 5.135294117647059009e-01 3.952941176470587958e-01
0.000000000000000000e+00 5.166666666666667185e-01 3.999999999999999667e-01
0.000000000000000000e+00 5.198039215686274250e-01 4.047058823529411375e-01
0.000000000000000000e+00 5.229411764705882426e-01 4.094117647058823639e-01
0.000000000000000000e+00 5.260784313725490602e-01 4.141176470588234793e-01
0.000000000000000000e+00 5.292156862745098778e-01 4.188235294117647056e-01
0.000000000000000000e+00 5.323529411764705843e-01 4.235294117647058210e-01
0.000000000000000000e+00 5.354901960784314019e-01 4.282352941176470473e-01
0.000000000000000000e+00 5.386274509803921084e-01 4.329411764705882182e-01
0.000000000000000000e+00 5.417647058823529260e-01 4.376470588235293890e-01
0.000000000000000000e+00 5.449019607843137436e-01 4.423529411764705599e-01
0.000000000000000000e+00 5.480392156862745612e-01 4.470588235294117307e-01
0.000000000000000000e+00 5.511764705882352677e-01 4.517647058823529571e-01
0.000000000000000000e+00 5.543137254901960853e-01 4.564705882352940725e-01
0.000000000000000000e+00 5.574509803921567919e-01 4.611764705882351878e-01
0.000000000000000000e+00 5.605882352941176094e-01 4.658823529411764697e-01
0.000000000000000000e+00 5.637254901960784270e-01 4.705882352941176405e-01
0.000000000000000000e+00 5.668627450980392446e-01 4.752941176470588114e-01
0.000000000000000000e+00 5.700000000000000622e-01 4.799999999999999822e-01
0.000000000000000000e+00 5.731372549019607687e-01 4.847058823529412086e-01
0.000000000000000000e+00 5.762745098039215863e-01 4.894117647058823239e-01
0.000000000000000000e+00 5.794117647058824039e-01 4.941176470588235503e-01
0.000000000000000000e+00 5.825490196078431104e-01 4.988235294117646101e-01
0.000000000000000000e+00 5.856862745098039280e-01 5.035294117647058920e-01
0.000000000000000000e+00 5.888235294117647456e-01 5.082352941176470074e-01
0.000000000000000000e+00 5.919607843137255632e-01 5.129411764705882337e-01
0.000000000000000000e+00 5.950980392156862697e-01 5.176470588235293491e-01
0.000000000000000000e+00 5.982352941176470873e-01 5.223529411764705754e-01
0.000000000000000000e+00 6.013725490196077939e-01 5.270588235294118018e-01
0.000000000000000000e+00 6.045098039215686114e-01 5.317647058823529171e-01
0.000000000000000000e+00 6.076470588235294290e-01 5.364705882352940325e-01
0.000000000000000000e+00 6.107843137254902466e-01 5.411764705882352589e-01
0.000000000000000000e+00 6.139215686274510642e-01 5.458823529411764852e-01
0.000000000000000000e+00 6.170588235294117707e-01 5.505882352941176006e-01
0.000000000000000000e+00 6.201960784313725883e-01 5.552941176470587159e-01
0.000000000000000000e+00 6.233333333333332948e-01 5.600000000000000533e-01
0.000000000000000000e+00 6.264705882352941124e-01 5.647058823529411686e-01
0.000000000000000000e+00 6.296078431372549300e-01 5.694117647058822840e-01
0.000000000000000000e+00 6.327450980392156366e-01 5.741176470588233993e-01
0.000000000000000000e+00 6.358823529411765652e-01 5.788235294117647367e-01
0.000000000000000000e+00 6.390196078431372717e-01 5.835294117647058521e-01
0.000000000000000000e+00 6.421568627450980893e-01 5.882352941176469674e-01
0.000000000000000000e+00 6.452941176470587958e-01 5.929411764705881938e-01
0.000000000000000000e+00 6.484313725490196134e-01 5.976470588235294201e-01
1.568627450980392309e-03 6.515686274509804310e-01 6.019607843137254610e-01
4.705882352941176926e-03 6.547058823529412486e-01 6.058823529411764275e-01
7.843137254901960675e-03 6.578431372549019551e-01 6.098039215686273939e-01
1.098039215686274529e-02 6.609803921568627727e-01 6.137254901960783604e-01
1.411764705882344144e-02 6.641176470588234793e-01 6.176470588235293269e-01
1.725490196078431279e-02 6.672549019607842968e-01 6.215686274509804043e-01
2.039215686274509914e-02 6.703921568627451144e-01 6.254901960784313708e-01
2.352941176470588203e-02 6.735294117647059320e-01 6.294117647058823373e-01
2.666666666666666838e-02 6.766666666666666385e-01 6.333333333333333037e-01
2.980392156862745126e-02 6.798039215686274561e-01 6.372549019607842702e-01
3.294117647058823761e-02 6.829411764705882737e-01 6.411764705882352366e-01
3.607843137254902049e-02 6.860784313725489802e-01 6.450980392156862031e-01
3.921568627450980338e-02 6.892156862745097978e-01 6.490196078431372806e-01
4.235294117647059320e-02 6.923529411764706154e-01 6.529411764705882470e-01
4.549019607843137608e-02 6.954901960784314330e-01 6.568627450980392135e-01
4.862745098039215896e-02 6.986274509803921395e-01 6.607843137254901800e-01
5.176470588235294878e-02 7.017647058823529571e-01 6.647058823529411464e-01
5.490196078431373167e-02 7.049019607843137747e-01 6.686274509803921129e-01
5.803921568627451455e-02 7.080392156862744812e-01 6.725490196078430793e-01
6.117647058823530437e-02 7.111764705882352988e-01 6.764705882352941568e-01
6.431372549019599705e-02 7.143137254901960054e-01 6.803921568627450123e-01
6.745098039215687014e-02 7.174509803921569340e-01 6.843137254901960898e-01
7.058823529411765996e-02 7.205882352941176405e-01 6.882352941176470562e-01
7.372549019607843590e-02 7.237254901960784581e-01 6.921568627450980227e-01
7.686274509803922572e-02 7.268627450980391647e-01 6.960784313725489891e-01
8.000000000000001554e-02 7.299999999999999822e-01 6.999999999999999556e-01
8.313725490196079149e-02 7.331372549019607998e-01 7.039215686274509221e-01
8.627450980392158131e-02 7.362745098039216174e-01 7.078431372549018885e-01
8.941176470588235725e-02 7.394117647058823239e-01 7.117647058823529660e-01
9.254901960784314707e-02 7.425490196078431415e-01 7.156862745098039325e-01
9.568627450980393689e-02 7.456862745098039591e-01 7.196078431372548989e-01
9.882352941176471284e-02 7.488235294117646657e-01 7.235294117647058654e-01
1.019607843137254888e-01 7.519607843137254832e-01 7.274509803921568318e-01
1.050980392156862786e-01 7.550980392156863008e-01 7.313725490196077983e-01
1.082352941176470545e-01 7.582352941176470074e-01 7.352941176470587648e-01
1.113725490196078582e-01 7.613725490196078249e-01 7.392156862745098422e-01
1.145098039215685370e-01 7.645098039215685315e-01 7.431372549019605867e-01
1.176470588235294240e-01 7.676470588235294601e-01 7.470588235294117752e-01
1.207843137254902000e-01 7.707843137254901666e-01 7.509803921568627416e-01
1.239215686274509898e-01 7.739215686274509842e-01 7.549019607843137081e-01
1.270588235294117518e-01 7.770588235294118018e-01 7.588235294117646745e-01
1.301960784313725694e-01 7.801960784313725084e-01 7.627450980392156410e-01
1.333333333333333315e-01 7.833333333333333259e-01 7.666666666666666075e-01
1.364705882352941213e-01 7.864705882352941435e-01 7.705882352941175739e-01
1.396078431372549111e-01 7.896078431372548501e-01 7.745098039215685404e-01
1.427450980392157009e-01 7.927450980392156676e-01 7.784313725490196179e-01
1.458823529411764630e-01 7.958823529411764852e-01 7.823529411764705843e-01
1.490196078431372528e-01 7.990196078431373028e-01 7.862745098039215508e-01
1.521568627450980427e-01 8.021568627450980093e-01 7.901960784313725172e-01
1.552941176470588325e-01 8.052941176470588269e-01 7.941176470588234837e-01
1.584313725490196223e-01 8.084313725490195335e-01 7.980392156862744502e-01
1.615686274509804121e-01 8.115686274509803511e-01 8.019607843137255276e-01
1.647058823529410909e-01 8.147058823529410576e-01 8.058823529411762721e-01
1.678431372549019640e-01 8.178431372549019862e-01 8.098039215686274606e-01
1.709803921568627538e-01 8.209803921568626928e-01 8.137254901960784270e-01
1.741176470588235436e-01 8.241176470588235103e-01 8.176470588235293935e-01
1.772549019607843057e-01 8.272549019607843279e-01 8.215686274509803599e-01
1.803921568627451233e-01 8.303921568627450345e-01 8.254901960784313264e-01
1.835294117647058854e-01 8.335294117647058521e-01 8.294117647058822929e-01
1.866666666666666752e-01 8.366666666666666696e-01 8.333333333333332593e-01
1.898039215686274650e-01 8.398039215686274872e-01 8.372549019607842258e-01
1.929411764705882548e-01 8.429411764705881938e-01 8.411764705882353033e-01
1.960784313725490169e-01 8.460784313725490113e-01 8.450980392156862697e-01
1.992156862745098067e-01 8.492156862745097179e-01 8.490196078431372362e-01
2.094117647058823528e-01 8.517647058823528683e-01 8.505882352941176450e-01
2.219607843137255121e-01 8.541176470588235370e-01 8.513725490196077939e-01
2.345098039215686436e-01 8.564705882352940947e-01 8.521568627450980538e-01
2.470588235294117752e-01 8.588235294117646523e-01 8.529411764705882026e-01
2.596078431372545459e-01 8.611764705882352100e-01 8.537254901960783515e-01
2.721568627450980382e-01 8.635294117647058787e-01 8.545098039215686114e-01
2.847058823529411975e-01 8.658823529411764364e-01 8.552941176470587603e-01
2.972549019607843013e-01 8.682352941176469940e-01 8.560784313725490202e-01
3.098039215686274606e-01 8.705882352941176627e-01 8.568627450980391691e-01
3.223529411764706198e-01 8.729411764705882204e-01 8.576470588235294290e-01
3.349019607843137791e-01 8.752941176470587781e-01 8.584313725490195779e-01
3.474509803921568829e-01 8.776470588235294468e-01 8.592156862745098378e-01
3.600000000000000422e-01 8.800000000000000044e-01 8.599999999999999867e-01
3.725490196078431460e-01 8.823529411764705621e-01 8.607843137254901356e-01
3.850980392156863052e-01 8.847058823529411198e-01 8.615686274509803955e-01
3.976470588235294645e-01 8.870588235294117885e-01 8.623529411764705443e-01
4.101960784313725683e-01 8.894117647058823461e-01 8.631372549019608043e-01
4.227450980392157276e-01 8.917647058823529038e-01 8.639215686274509531e-01
4.352941176470588314e-01 8.941176470588234615e-01 8.647058823529412130e-01
4.478431372549019907e-01 8.964705882352941302e-01 8.654901960784313619e-01
4.603921568627447614e-01 8.988235294117645768e-01 8.662745098039215108e-01
4.729411764705882537e-01 9.011764705882352455e-01 8.670588235294117707e-01
4.854901960784314130e-01 9.035294117647059142e-01 8.678431372549019196e-01
4.980392156862745168e-01 9.058823529411764719e-01 8.686274509803921795e-01
5.105882352941176761e-01 9.082352941176470296e-01 8.694117647058823284e-01
5.231372549019608353e-01 9.105882352941175872e-01 8.701960784313725883e-01
5.356862745098038836e-01 9.129411764705882559e-01 8.709803921568627372e-01
5.482352941176471539e-01 9.152941176470588136e-01 8.717647058823528861e-01
5.607843137254902022e-01 9.176470588235293713e-01 8.725490196078431460e-01
5.733333333333333615e-01 9.199999999999999289e-01 8.733333333333332948e-01
5.858823529411765207e-01 9.223529411764705976e-01 8.741176470588235548e-01
5.984313725490195690e-01 9.247058823529411553e-01 8.749019607843137036e-01
6.109803921568627283e-01 9.270588235294117130e-01 8.756862745098039635e-01
6.235294117647058876e-01 9.294117647058823817e-01 8.764705882352941124e-01
6.360784313725489358e-01 9.317647058823529393e-01 8.772549019607842613e-01
6.486274509803922061e-01 9.341176470588234970e-01 8.780392156862745212e-01
6.611764705882349213e-01 9.364705882352940547e-01 8.788235294117646701e-01
6.737254901960785247e-01 9.388235294117647234e-01 8.796078431372549300e-01
6.862745098039215730e-01 9.411764705882352811e-01 8.803921568627450789e-01
6.988235294117647323e-01 9.435294117647058387e-01 8.811764705882353388e-01
7.113725490196078916e-01 9.458823529411763964e-01 8.819607843137254877e-01
7.239215686274509398e-01 9.482352941176470651e-01 8.827450980392157476e-01
7.364705882352942101e-01 9.505882352941176228e-01 8.835294117647058965e-01
7.490196078431372584e-01 9.529411764705881804e-01 8.843137254901960453e-01
7.615686274509803066e-01 9.552941176470588491e-01 8.850980392156863052e-01
7.741176470588235770e-01 9.576470588235294068e-01 8.858823529411764541e-01
7.866666666666666252e-01 9.599999999999999645e-01 8.866666666666667140e-01
7.992156862745098955e-01 9.623529411764706332e-01 8.874509803921568629e-01
8.117647058823529438e-01 9.647058823529411908e-01 8.882352941176470118e-01
8.243137254901962141e-01 9.670588235294117485e-01 8.890196078431372717e-01
8.368627450980392624e-01 9.694117647058823062e-01 8.898039215686274206e-01
8.494117647058823106e-01 9.717647058823529749e-01 8.905882352941176805e-01
8.619607843137251368e-01 9.741176470588234215e-01 8.913725490196078294e-01
8.745098039215686292e-01 9.764705882352940902e-01 8.921568627450980893e-01
8.870588235294116775e-01 9.788235294117646479e-01 8.929411764705882382e-01
8.996078431372549478e-01 9.811764705882353166e-01 8.937254901960784981e-01
9.121568627450979960e-01 9.835294117647058743e-01 8.945098039215686470e-01
9.247058823529412663e-01 9.858823529411764319e-01 8.952941176470587958e-01
9.372549019607843146e-01 9.882352941176471006e-01 8.960784313725490557e-01
9.498039215686275849e-01 9.905882352941176583e-01 8.968627450980392046e-01
9.623529411764706332e-01 9.929411764705882160e-01 8.976470588235294645e-01
9.749019607843136814e-01 9.952941176470588847e-01 8.984313725490196134e-01
9.874509803921569517e-01 9.976470588235294423e-01 8.992156862745098733e-01
1.000000000000000000e+00 1.000000000000000000e+00 9.000000000000000222e-01
