1.499999999999999944e-01 1.000000000000000056e-01 1.499999999999999944e-01
1.547058823529411653e-01 1.015686274509804005e-01 1.543137254901960631e-01
1.594117647058823362e-01 1.031372549019607954e-01 1.586274509803921595e-01
1.641176470588235348e-01 1.047058823529411764e-01 1.629411764705882282e-01
1.688235294117647056e-01 1.062745098039215713e-01 1.672549019607842968e-01
1.735294117647058765e-01 1.078431372549019662e-01 1.715686274509803932e-01
1.782352941176470473e-01 1.094117647058823611e-01 1.758823529411764619e-01
1.829411764705882182e-01 1.109803921568627560e-01 1.801960784313725306e-01
1.876470588235293890e-01 1.125490196078431371e-01 1.845098039215686270e-01
1.923529411764705876e-01 1.141176470588235320e-01 1.888235294117646956e-01
1.970588235294117585e-01 1.156862745098039269e-01 1.931372549019607643e-01
2.017647058823529294e-01 1.172549019607843218e-01 1.974509803921568607e-01
2.064705882352941002e-01 1.188235294117647167e-01 2.017647058823529294e-01
2.111764705882352988e-01 1.203921568627450978e-01 2.060784313725489980e-01
2.158823529411764697e-01 1.219607843137254927e-01 2.103921568627450944e-01
2.205882352941176405e-01 1.235294117647058876e-01 2.147058823529411631e-01
2.252941176470588114e-01 1.250980392156862686e-01 2.190196078431372317e-01
2.299999999999999822e-01 1.266666666666666774e-01 2.233333333333333282e-01
2.347058823529411531e-01 1.282352941176470584e-01 2.276470588235293968e-01
2.394117647058823239e-01 1.298039215686274672e-01 2.319607843137254655e-01
2.441176470588235226e-01 1.313725490196078483e-01 2.362745098039215619e-01
2.488235294117646934e-01 1.329411764705882293e-01 2.405882352941176305e-01
2.535294117647058920e-01 1.345098039215686381e-01 2.449019607843136992e-01
2.582352941176470629e-01 1.360784313725490191e-01 2.492156862745097956e-01
2.629411764705882337e-01 1.376470588235294001e-01 2.535294117647058920e-01
2.676470588235294046e-01 1.392156862745098089e-01 2.578431372549019329e-01
2.723529411764705754e-01 1.407843137254901900e-01 2.621568627450980293e-01
2.770588235294117463e-01 1.423529411764705987e-01 2.664705882352941257e-01
2.817647058823529171e-01 1.439215686274509798e-01 2.707843137254901666e-01
2.864705882352941435e-01 1.454901960784313886e-01 2.750980392156862631e-01
2.911764705882352589e-01 1.470588235294117696e-01 2.794117647058823595e-01
2.958823529411764852e-01 1.486274509803921506e-01 2.837254901960784004e-01
3.005882352941176006e-01 1.501960784313725594e-01 2.880392156862744968e-01
3.052941176470588269e-01 1.517647058823529405e-01 2.923529411764705377e-01
3.099999999999999978e-01 1.533333333333333215e-01 2.966666666666666341e-01
3.147058823529411686e-01 1.549019607843137303e-01 3.009803921568627305e-01
3.194117647058823395e-01 1.564705882352941113e-01 3.052941176470588269e-01
3.241176470588235103e-01 1.580392156862744923e-01 3.096078431372548678e-01
3.288235294117646812e-01 1.596078431372549011e-01 3.139215686274509642e-01
3.335294117647058521e-01 1.611764705882353099e-01 3.182352941176470607e-01
3.382352941176470784e-01 1.627450980392156910e-01 3.225490196078431016e-01
3.429411764705881938e-01 1.643137254901960720e-01 3.268627450980391425e-01
3.476470588235294201e-01 1.658823529411764808e-01 3.311764705882352944e-01
3.523529411764705910e-01 1.674509803921568618e-01 3.354901960784313353e-01
3.570588235294117618e-01 1.690196078431372428e-01 3.398039215686274317e-01
3.617647058823528772e-01 1.705882352941176516e-01 3.441176470588234726e-01
3.664705882352941035e-01 1.721568627450980327e-01 3.484313725490195690e-01
3.711764705882353299e-01 1.737254901960784415e-01 3.527450980392156654e-01
3.758823529411764452e-01 1.752941176470588225e-01 3.570588235294117618e-01
3.805882352941176161e-01 1.768627450980392035e-01 3.613725490196078027e-01
3.852941176470587870e-01 1.784313725490196123e-01 3.656862745098038991e-01
3.900000000000000133e-01 1.799999999999999933e-01 3.699999999999999956e-01
3.947058823529411287e-01 1.815686274509804021e-01 3.743137254901960365e-01
3.994117647058823550e-01 1.831372549019607832e-01 3.786274509803920774e-01
4.041176470588234704e-01 1.847058823529411642e-01 3.829411764705882293e-01
4.088235294117646967e-01 1.862745098039215730e-01 3.872549019607842702e-01
4.135294117647058121e-01 1.878431372549019540e-01 3.915686274509803666e-01
4.182352941176470384e-01 1.894117647058823350e-01 3.958823529411764075e-01
4.229411764705882648e-01 1.909803921568627438e-01 4.001960784313725039e-01
4.276470588235293802e-01 1.925490196078431526e-01 4.045098039215686558e-01
4.323529411764706065e-01 1.941176470588235059e-01 4.088235294117646967e-01
4.370588235294117219e-01 1.956862745098039147e-01 4.131372549019607376e-01
4.417647058823529482e-01 1.972549019607843235e-01 4.174509803921567785e-01
4.464705882352940636e-01 1.988235294117647045e-01 4.217647058823529305e-01
4.511764705882352899e-01 2.003921568627450855e-01 4.260784313725489714e-01
4.558823529411764053e-01 2.019607843137254943e-01 4.303921568627450123e-01
4.605882352941176316e-01 2.035294117647058476e-01 4.347058823529410532e-01
4.652941176470588580e-01 2.050980392156862564e-01 4.390196078431372051e-01
4.699999999999999734e-01 2.066666666666666652e-01 4.433333333333332460e-01
4.747058823529410887e-01 2.082352941176470462e-01 4.476470588235293979e-01
4.794117647058823151e-01 2.098039215686274550e-01 4.519607843137254388e-01
4.841176470588235414e-01 2.113725490196078360e-01 4.562745098039215907e-01
4.888235294117646568e-01 2.129411764705882448e-01 4.605882352941176316e-01
4.935294117647058831e-01 2.145098039215685981e-01 4.649019607843136725e-01
4.982352941176469985e-01 2.160784313725490069e-01 4.692156862745097134e-01
5.029411764705882248e-01 2.176470588235294157e-01 4.735294117647058654e-01
5.076470588235293402e-01 2.192156862745097967e-01 4.778431372549019063e-01
5.123529411764705666e-01 2.207843137254901777e-01 4.821568627450979472e-01
5.170588235294117929e-01 2.223529411764705865e-01 4.864705882352940991e-01
5.217647058823529083e-01 2.239215686274509953e-01 4.907843137254901400e-01
5.264705882352941346e-01 2.254901960784313764e-01 4.950980392156861809e-01
5.311764705882352500e-01 2.270588235294117574e-01 4.994117647058823328e-01
5.358823529411763653e-01 2.286274509803921384e-01 5.037254901960783737e-01
5.405882352941175917e-01 2.301960784313725472e-01 5.080392156862745257e-01
5.452941176470588180e-01 2.317647058823529282e-01 5.123529411764705666e-01
5.499999999999999334e-01 2.333333333333333093e-01 5.166666666666666075e-01
5.547058823529411598e-01 2.349019607843137181e-01 5.209803921568627594e-01
5.594117647058823861e-01 2.364705882352941269e-01 5.252941176470588003e-01
5.641176470588235015e-01 2.380392156862745079e-01 5.296078431372548412e-01
5.688235294117646168e-01 2.396078431372548889e-01 5.339215686274508821e-01
5.735294117647058432e-01 2.411764705882352700e-01 5.382352941176469230e-01
5.782352941176470695e-01 2.427450980392156787e-01 5.425490196078430749e-01
5.829411764705881849e-01 2.443137254901960598e-01 5.468627450980391158e-01
5.876470588235294112e-01 2.458823529411764686e-01 5.511764705882352677e-01
5.923529411764706376e-01 2.474509803921568774e-01 5.554901960784313086e-01
5.970588235294117530e-01 2.490196078431372584e-01 5.598039215686274606e-01
6.017647058823528683e-01 2.505882352941176672e-01 5.641176470588235015e-01
6.064705882352940947e-01 2.521568627450980205e-01 5.684313725490195424e-01
6.111764705882352100e-01 2.537254901960783737e-01 5.727450980392155833e-01
6.158823529411764364e-01 2.552941176470587825e-01 5.770588235294117352e-01
6.205882352941176627e-01 2.568627450980391913e-01 5.813725490196077761e-01
6.252941176470587781e-01 2.584313725490196001e-01 5.856862745098038170e-01
6.300000000000000044e-01 2.600000000000000089e-01 5.899999999999999689e-01
6.347058823529411198e-01 2.615686274509804177e-01 5.943137254901960098e-01
6.394117647058823461e-01 2.631372549019607709e-01 5.986274509803920507e-01
6.441176470588234615e-01 2.647058823529411242e-01 6.029411764705882026e-01
6.488235294117646879e-01 2.662745098039215330e-01 6.072549019607842435e-01
6.535294117647059142e-01 2.678431372549019418e-01 6.115686274509802844e-01
6.582352941176470296e-01 2.694117647058823506e-01 6.158823529411764364e-01
6.629411764705882559e-01 2.709803921568627594e-01 6.201960784313724773e-01
6.676470588235294823e-01 2.725490196078431682e-01 6.245098039215686292e-01
6.723529411764705976e-01 2.741176470588235214e-01 6.288235294117646701e-01
6.770588235294117130e-01 2.756862745098038747e-01 6.331372549019607110e-01
6.817647058823529393e-01 2.772549019607842835e-01 6.374509803921567519e-01
6.864705882352940547e-01 2.788235294117646923e-01 6.417647058823527928e-01
6.911764705882352811e-01 2.803921568627451011e-01 6.460784313725489447e-01
6.958823529411765074e-01 2.819607843137255099e-01 6.503921568627450966e-01
7.005882352941176228e-01 2.835294117647058632e-01 6.547058823529411375e-01
7.052941176470588491e-01 2.850980392156862719e-01 6.590196078431372895e-01
7.099999999999999645e-01 2.866666666666666252e-01 6.633333333333333304e-01
7.147058823529411908e-01 2.882352941176470340e-01 6.676470588235293713e-01
7.194117647058823062e-01 2.898039215686274428e-01 6.719607843137254122e-01
7.241176470588235325e-01 2.913725490196078516e-01 6.762745098039214531e-01
7.288235294117647589e-01 2.929411764705882604e-01 6.805882352941176050e-01
7.335294117647058743e-01 2.945098039215686136e-01 6.849019607843136459e-01
7.382352941176469896e-01 2.960784313725489669e-01 6.892156862745096868e-01
7.429411764705882160e-01 2.976470588235293757e-01 6.935294117647058387e-01
7.476470588235294423e-01 2.992156862745097845e-01 6.978431372549018796e-01
7.509803921568627416e-01 3.027450980392156765e-01 7.005882352941176228e-01
7.529411764705882248e-01 3.082352941176470518e-01 7.017647058823528461e-01
7.549019607843137081e-01 3.137254901960784270e-01 7.029411764705881804e-01
7.568627450980391913e-01 3.192156862745098023e-01 7.041176470588235148e-01
7.588235294117646745e-01 3.247058823529410110e-01 7.052941176470587381e-01
7.607843137254901578e-01 3.301960784313725528e-01 7.064705882352940725e-01
7.627450980392156410e-01 3.356862745098039280e-01 7.076470588235294068e-01
7.647058823529411242e-01 3.411764705882353033e-01 7.088235294117646301e-01
7.666666666666667185e-01 3.466666666666666785e-01 7.099999999999999645e-01
7.686274509803922017e-01 3.521568627450980538e-01 7.111764705882352988e-01
7.705882352941176849e-01 3.576470588235293735e-01 7.123529411764705221e-01
7.725490196078431682e-01 3.631372549019607487e-01 7.135294117647058565e-01
7.745098039215686514e-01 3.686274509803921240e-01 7.147058823529410798e-01
7.764705882352941346e-01 3.741176470588234992e-01 7.158823529411764142e-01
7.784313725490196179e-01 3.796078431372548745e-01 7.170588235294117485e-01
7.803921568627451011e-01 3.850980392156862497e-01 7.182352941176469718e-01
7.823529411764705843e-01 3.905882352941176250e-01 7.194117647058823062e-01
7.843137254901960675e-01 3.960784313725490002e-01 7.205882352941176405e-01
7.862745098039215508e-01 4.015686274509803755e-01 7.217647058823528639e-01
7.882352941176470340e-01 4.070588235294117507e-01 7.229411764705881982e-01
7.901960784313725172e-01 4.125490196078429594e-01 7.241176470588234215e-01
7.921568627450980005e-01 4.180392156862745012e-01 7.252941176470587559e-01
7.941176470588234837e-01 4.235294117647058765e-01 7.264705882352940902e-01
7.960784313725490779e-01 4.290196078431372517e-01 7.276470588235294246e-01
7.980392156862745612e-01 4.345098039215686270e-01 7.288235294117646479e-01
8.000000000000000444e-01 4.399999999999999467e-01 7.299999999999999822e-01
8.019607843137255276e-01 4.454901960784313220e-01 7.311764705882352056e-01
8.039215686274510109e-01 4.509803921568626972e-01 7.323529411764705399e-01
8.058823529411764941e-01 4.564705882352940725e-01 7.335294117647058743e-01
8.078431372549019773e-01 4.619607843137254477e-01 7.347058823529410976e-01
8.098039215686274606e-01 4.674509803921568230e-01 7.358823529411764319e-01
8.117647058823529438e-01 4.729411764705881982e-01 7.370588235294117663e-01
8.137254901960784270e-01 4.784313725490195734e-01 7.382352941176469896e-01
8.156862745098039102e-01 4.839215686274509487e-01 7.394117647058823239e-01
8.176470588235293935e-01 4.894117647058823239e-01 7.405882352941175473e-01
8.196078431372548767e-01 4.949019607843136992e-01 7.417647058823528816e-01
8.215686274509803599e-01 5.003921568627449634e-01 7.429411764705882160e-01
8.235294117647058432e-01 5.058823529411764497e-01 7.441176470588235503e-01
8.254901960784313264e-01 5.113725490196078249e-01 7.452941176470587736e-01
8.274509803921568096e-01 5.168627450980392002e-01 7.464705882352941080e-01
8.294117647058822929e-01 5.223529411764705754e-01 7.476470588235293313e-01
8.313725490196078871e-01 5.278431372549019507e-01 7.488235294117646657e-01
8.333333333333333703e-01 5.333333333333333259e-01 7.500000000000000000e-01
8.352941176470588536e-01 5.388235294117647012e-01 7.511764705882352233e-01
8.372549019607843368e-01 5.443137254901960764e-01 7.523529411764705577e-01
8.392156862745098200e-01 5.498039215686274517e-01 7.535294117647058920e-01
8.411764705882353033e-01 5.552941176470587159e-01 7.547058823529411153e-01
8.431372549019607865e-01 5.607843137254902022e-01 7.558823529411764497e-01
8.450980392156862697e-01 5.662745098039214664e-01 7.570588235294117840e-01
8.470588235294117530e-01 5.717647058823529527e-01 7.582352941176470074e-01
8.490196078431372362e-01 5.772549019607842169e-01 7.594117647058823417e-01
8.509803921568627194e-01 5.827450980392157032e-01 7.605882352941175650e-01
8.529411764705882026e-01 5.882352941176468564e-01 7.617647058823528994e-01
8.549019607843136859e-01 5.937254901960784537e-01 7.629411764705882337e-01
8.568627450980391691e-01 5.992156862745097179e-01 7.641176470588234571e-01
8.588235294117647634e-01 6.047058823529412042e-01 7.652941176470587914e-01
8.607843137254902466e-01 6.101960784313724684e-01 7.664705882352941257e-01
8.627450980392157298e-01 6.156862745098039547e-01 7.676470588235293491e-01
8.647058823529412130e-01 6.211764705882352189e-01 7.688235294117646834e-01
8.666666666666666963e-01 6.266666666666667052e-01 7.700000000000000178e-01
8.686274509803921795e-01 6.321568627450979694e-01 7.711764705882352411e-01
8.705882352941176627e-01 6.376470588235294557e-01 7.723529411764705754e-01
8.725490196078431460e-01 6.431372549019607199e-01 7.735294117647057988e-01
8.745098039215686292e-01 6.486274509803922061e-01 7.747058823529411331e-01
8.764705882352941124e-01 6.541176470588234704e-01 7.758823529411764675e-01
8.784313725490195957e-01 6.596078431372548456e-01 7.770588235294116908e-01
8.803921568627450789e-01 6.650980392156862209e-01 7.782352941176470251e-01
8.823529411764705621e-01 6.705882352941175961e-01 7.794117647058823595e-01
8.843137254901960453e-01 6.760784313725487493e-01 7.805882352941175828e-01
8.862745098039215286e-01 6.815686274509803466e-01 7.817647058823529171e-01
8.882352941176470118e-01 6.870588235294117219e-01 7.829411764705882515e-01
8.901960784313724950e-01 6.925490196078430971e-01 7.841176470588234748e-01
8.921568627450979783e-01 6.980392156862744724e-01 7.852941176470588092e-01
8.941176470588234615e-01 7.035294117647057366e-01 7.864705882352940325e-01
8.960784313725490557e-01 7.090196078431372229e-01 7.876470588235293668e-01
8.980392156862745390e-01 7.145098039215685981e-01 7.888235294117647012e-01
9.000000000000000222e-01 7.199999999999999734e-01 7.899999999999999245e-01
9.019607843137255054e-01 7.254901960784312376e-01 7.911764705882352589e-01
9.039215686274509887e-01 7.309803921568627239e-01 7.923529411764705932e-01
9.058823529411764719e-01 7.364705882352940991e-01 7.935294117647058165e-01
9.078431372549019551e-01 7.419607843137254743e-01 7.947058823529411509e-01
9.098039215686274384e-01 7.474509803921567386e-01 7.958823529411764852e-01
9.117647058823529216e-01 7.529411764705882248e-01 7.970588235294117085e-01
9.137254901960784048e-01 7.584313725490194891e-01 7.982352941176470429e-01
9.156862745098038880e-01 7.639215686274507533e-01 7.994117647058822662e-01
9.176470588235293713e-01 7.694117647058822396e-01 8.005882352941176006e-01
9.196078431372549655e-01 7.749019607843137258e-01 8.017647058823529349e-01
9.215686274509804488e-01 7.803921568627449901e-01 8.029411764705881582e-01
9.235294117647059320e-01 7.858823529411764763e-01 8.041176470588234926e-01
9.254901960784314152e-01 7.913725490196077406e-01 8.052941176470588269e-01
9.274509803921568984e-01 7.968627450980392268e-01 8.064705882352940502e-01
9.294117647058823817e-01 8.023529411764704911e-01 8.076470588235293846e-01
9.313725490196078649e-01 8.078431372549019773e-01 8.088235294117647189e-01
9.333333333333333481e-01 8.133333333333332416e-01 8.099999999999999423e-01
9.352941176470588314e-01 8.188235294117647278e-01 8.111764705882352766e-01
9.372549019607843146e-01 8.243137254901959921e-01 8.123529411764704999e-01
9.392156862745097978e-01 8.298039215686274783e-01 8.135294117647058343e-01
9.411764705882352811e-01 8.352941176470587425e-01 8.147058823529411686e-01
9.431372549019607643e-01 8.407843137254902288e-01 8.158823529411765030e-01
9.450980392156862475e-01 8.462745098039214930e-01 8.170588235294117263e-01
9.470588235294117307e-01 8.517647058823527573e-01 8.182352941176469496e-01
9.490196078431372140e-01 8.572549019607842435e-01 8.194117647058822840e-01
9.509803921568626972e-01 8.627450980392157298e-01 8.205882352941176183e-01
9.529411764705881804e-01 8.682352941176469940e-01 8.217647058823529527e-01
9.549019607843136637e-01 8.737254901960782583e-01 8.229411764705881760e-01
9.568627450980391469e-01 8.792156862745097445e-01 8.241176470588235103e-01
9.588235294117647411e-01 8.847058823529412308e-01 8.252941176470587337e-01
9.607843137254902244e-01 8.901960784313724950e-01 8.264705882352940680e-01
9.627450980392157076e-01 8.956862745098037593e-01 8.276470588235294024e-01
9.647058823529411908e-01 9.011764705882352455e-01 8.288235294117647367e-01
9.666666666666666741e-01 9.066666666666667318e-01 8.299999999999999600e-01
9.686274509803921573e-01 9.121568627450979960e-01 8.311764705882352944e-01
9.705882352941176405e-01 9.176470588235292603e-01 8.323529411764705177e-01
9.725490196078431238e-01 9.231372549019607465e-01 8.335294117647058521e-01
9.745098039215686070e-01 9.286274509803922328e-01 8.347058823529411864e-01
9.764705882352940902e-01 9.341176470588234970e-01 8.358823529411764097e-01
9.784313725490195734e-01 9.396078431372547612e-01 8.370588235294117441e-01
9.803921568627450567e-01 9.450980392156862475e-01 8.382352941176469674e-01
9.823529411764706509e-01 9.505882352941175117e-01 8.394117647058823017e-01
9.843137254901961342e-01 9.560784313725489980e-01 8.405882352941176361e-01
9.862745098039216174e-01 9.615686274509802622e-01 8.417647058823529704e-01
9.882352941176471006e-01 9.670588235294117485e-01 8.429411764705881938e-01
9.901960784313725839e-01 9.725490196078430127e-01 8.441176470588235281e-01
9.921568627450980671e-01 9.780392156862744990e-01 8.452941176470587514e-01
9.941176470588235503e-01 9.835294117647057632e-01 8.464705882352940858e-01
9.960784313725490335e-01 9.890196078431372495e-01 8.476470588235294201e-01
9.980392156862745168e-01 9.945098039215685137e-01 8.488235294117647545e-01
1.000000000000000000e+00 1.000000000000000000e+00 8.499999999999999778e-01
