2.500000000000000000e-01 1.000000000000000056e-01 9.000000000000000222e-01
2.519607843137254832e-01 1.098039215686274495e-01 9.039215686274509887e-01
2.539215686274509665e-01 1.196078431372549072e-01 9.078431372549019551e-01
2.558823529411764497e-01 1.294117647058823650e-01 9.117647058823529216e-01
2.578431372549019329e-01 1.392156862745098089e-01 9.156862745098038880e-01
2.598039215686274717e-01 1.490196078431372528e-01 9.196078431372549655e-01
2.617647058823529549e-01 1.588235294117646967e-01 9.235294117647059320e-01
2.637254901960784381e-01 1.686274509803921684e-01 9.274509803921568984e-01
2.656862745098039214e-01 1.784313725490195846e-01 9.313725490196078649e-01
2.676470588235294046e-01 1.882352941176470562e-01 9.352941176470588314e-01
2.696078431372548878e-01 1.980392156862745001e-01 9.392156862745097978e-01
2.715686274509803710e-01 2.078431372549019440e-01 9.431372549019607643e-01
2.735294117647058543e-01 2.176470588235294157e-01 9.470588235294117307e-01
2.754901960784313930e-01 2.274509803921568318e-01 9.509803921568626972e-01
2.774509803921568762e-01 2.372549019607843035e-01 9.549019607843137747e-01
2.794117647058823595e-01 2.470588235294117474e-01 9.588235294117647411e-01
2.813725490196078427e-01 2.568627450980391913e-01 9.627450980392157076e-01
2.833333333333333259e-01 2.666666666666666075e-01 9.666666666666666741e-01
2.852941176470588092e-01 2.764705882352941346e-01 9.705882352941176405e-01
2.872549019607842924e-01 2.862745098039215508e-01 9.745098039215686070e-01
2.892156862745097756e-01 2.960784313725489669e-01 9.784313725490195734e-01
2.911764705882352589e-01 3.058823529411764386e-01 9.823529411764705399e-01
2.931372549019607976e-01 3.156862745098039102e-01 9.862745098039216174e-01
2.950980392156862808e-01 3.254901960784313264e-01 9.901960784313725839e-01
2.970588235294117641e-01 3.352941176470587981e-01 9.941176470588235503e-01
2.990196078431372473e-01 3.450980392156862697e-01 9.980392156862745168e-01
2.999999999999999889e-01 3.545098039215686114e-01 1.000000000000000000e+00
2.999999999999999889e-01 3.635294117647058787e-01 1.000000000000000000e+00
2.999999999999999889e-01 3.725490196078430905e-01 1.000000000000000000e+00
2.999999999999999889e-01 3.815686274509803577e-01 1.000000000000000000e+00
2.999999999999999889e-01 3.905882352941176250e-01 1.000000000000000000e+00
2.999999999999999889e-01 3.996078431372548923e-01 1.000000000000000000e+00
2.999999999999999889e-01 4.086274509803921040e-01 1.000000000000000000e+00
2.999999999999999889e-01 4.176470588235293158e-01 1.000000000000000000e+00
2.999999999999999889e-01 4.266666666666666385e-01 1.000000000000000000e+00
2.999999999999999889e-01 4.356862745098039058e-01 1.000000000000000000e+00
2.999999999999999889e-01 4.447058823529411731e-01 1.000000000000000000e+00
2.999999999999999889e-01 4.537254901960783293e-01 1.000000000000000000e+00
2.999999999999999889e-01 4.627450980392156521e-01 1.000000000000000000e+00
2.999999999999999889e-01 4.717647058823529194e-01 1.000000000000000000e+00
2.999999999999999889e-01 4.807843137254901311e-01 1.000000000000000000e+00
2.999999999999999889e-01 4.898039215686273429e-01 1.000000000000000000e+00
2.999999999999999889e-01 4.988235294117646657e-01 1.000000000000000000e+00
2.999999999999999889e-01 5.078431372549019329e-01 1.000000000000000000e+00
2.999999999999999889e-01 5.168627450980392002e-01 1.000000000000000000e+00
2.999999999999999889e-01 5.258823529411763564e-01 1.000000000000000000e+00
2.999999999999999889e-01 5.349019607843137347e-01 1.000000000000000000e+00
2.999999999999999889e-01 5.439215686274510020e-01 1.000000000000000000e+00
2.999999999999999889e-01 5.529411764705881582e-01 1.000000000000000000e+00
2.999999999999999889e-01 5.619607843137254255e-01 1.000000000000000000e+00
2.999999999999999889e-01 5.709803921568626928e-01 1.000000000000000000e+00
2.999999999999999889e-01 5.799999999999999600e-01 1.000000000000000000e+00
2.882352941176470340e-01 5.886274509803921529e-01 9.960784313725490335e-01
2.764705882352941901e-01 5.972549019607842347e-01 9.921568627450980671e-01
2.647058823529411797e-01 6.058823529411764275e-01 9.882352941176471006e-01
2.529411764705882248e-01 6.145098039215686203e-01 9.843137254901961342e-01
2.411764705882353255e-01 6.231372549019607021e-01 9.803921568627451677e-01
2.294117647058824816e-01 6.317647058823527839e-01 9.764705882352942012e-01
2.176470588235294434e-01 6.403921568627450878e-01 9.725490196078431238e-01
2.058823529411765163e-01 6.490196078431371696e-01 9.686274509803921573e-01
1.941176470588235614e-01 6.576470588235293624e-01 9.647058823529411908e-01
1.823529411764707175e-01 6.662745098039214442e-01 9.607843137254902244e-01
1.705882352941177071e-01 6.749019607843136370e-01 9.568627450980392579e-01
1.588235294117647800e-01 6.835294117647058298e-01 9.529411764705882915e-01
1.470588235294118251e-01 6.921568627450980227e-01 9.490196078431373250e-01
1.352941176470588980e-01 7.007843137254901045e-01 9.450980392156863585e-01
1.235294117647061374e-01 7.094117647058821863e-01 9.411764705882353921e-01
1.117647058823530437e-01 7.180392156862744901e-01 9.372549019607843146e-01
1.000000000000001166e-01 7.266666666666665719e-01 9.333333333333333481e-01
8.823529411764716168e-02 7.352941176470587648e-01 9.294117647058823817e-01
7.647058823529423455e-02 7.439215686274509576e-01 9.254901960784314152e-01
6.470588235294130741e-02 7.525490196078430394e-01 9.215686274509804488e-01
5.294117647058838028e-02 7.611764705882352322e-01 9.176470588235294823e-01
4.117647058823542539e-02 7.698039215686274250e-01 9.137254901960785158e-01
2.941176470588269254e-02 7.784313725490193958e-01 9.098039215686275494e-01
1.764705882352957111e-02 7.870588235294116997e-01 9.058823529411765829e-01
5.882352941176671735e-03 7.956862745098038925e-01 9.019607843137256165e-01
9.803921568627178493e-03 8.033333333333332327e-01 8.882352941176474559e-01
2.941176470588209232e-02 8.099999999999999423e-01 8.647058823529415461e-01
4.901960784313700442e-02 8.166666666666666519e-01 8.411764705882356363e-01
6.862745098039191305e-02 8.233333333333332504e-01 8.176470588235297265e-01
8.823529411764682862e-02 8.299999999999999600e-01 7.941176470588238168e-01
1.078431372549014666e-01 8.366666666666665586e-01 7.705882352941182400e-01
1.274509803921566597e-01 8.433333333333332682e-01 7.470588235294119972e-01
1.470588235294115753e-01 8.499999999999999778e-01 7.235294117647060874e-01
1.666666666666664909e-01 8.566666666666665764e-01 7.000000000000001776e-01
1.862745098039214064e-01 8.633333333333332860e-01 6.764705882352942679e-01
2.058823529411762943e-01 8.699999999999999956e-01 6.529411764705884691e-01
2.254901960784312098e-01 8.766666666666665941e-01 6.294117647058825593e-01
2.450980392156861254e-01 8.833333333333333037e-01 6.058823529411766495e-01
2.647058823529407912e-01 8.899999999999999023e-01 5.823529411764709618e-01
2.843137254901959565e-01 8.966666666666666119e-01 5.588235294117648300e-01
3.039215686274508443e-01 9.033333333333333215e-01 5.352941176470589202e-01
3.235294117647057877e-01 9.099999999999999201e-01 5.117647058823530104e-01
3.431372549019606755e-01 9.166666666666666297e-01 4.882352941176471561e-01
3.627450980392156188e-01 9.233333333333333393e-01 4.647058823529411908e-01
3.823529411764705066e-01 9.299999999999999378e-01 4.411764705882353366e-01
4.019607843137254499e-01 9.366666666666666474e-01 4.176470588235294268e-01
4.215686274509800602e-01 9.433333333333332460e-01 3.941176470588239056e-01
4.411764705882352811e-01 9.499999999999999556e-01 3.705882352941175517e-01
4.607843137254901689e-01 9.566666666666666652e-01 3.470588235294117530e-01
4.803921568627451122e-01 9.633333333333333748e-01 3.235294117647058432e-01
5.000000000000000000e-01 9.699999999999999734e-01 2.999999999999999334e-01
5.196078431372549433e-01 9.711764705882353077e-01 3.274509803921568651e-01
5.392156862745097756e-01 9.723529411764705310e-01 3.549019607843136859e-01
5.588235294117647189e-01 9.735294117647058654e-01 3.823529411764705621e-01
5.784313725490193292e-01 9.747058823529410887e-01 4.098039215686270498e-01
5.980392156862744946e-01 9.758823529411764230e-01 4.372549019607843146e-01
6.176470588235294379e-01 9.770588235294117574e-01 4.647058823529411908e-01
6.372549019607842702e-01 9.782352941176470917e-01 4.921568627450980671e-01
6.568627450980392135e-01 9.794117647058823151e-01 5.196078431372548323e-01
6.764705882352941568e-01 9.805882352941176494e-01 5.470588235294118196e-01
6.960784313725489891e-01 9.817647058823528727e-01 5.745098039215685848e-01
7.156862745098039325e-01 9.829411764705882071e-01 6.019607843137254610e-01
7.352941176470585427e-01 9.841176470588235414e-01 6.294117647058818932e-01
7.549019607843137081e-01 9.852941176470587648e-01 6.568627450980391025e-01
7.745098039215686514e-01 9.864705882352940991e-01 6.843137254901960898e-01
7.941176470588235947e-01 9.876470588235294334e-01 7.117647058823528550e-01
8.137254901960784270e-01 9.888235294117646568e-01 7.392156862745097312e-01
8.333333333333332593e-01 9.899999999999999911e-01 7.666666666666666075e-01
8.529411764705883137e-01 9.911764705882353255e-01 7.941176470588235947e-01
8.725490196078431460e-01 9.923529411764705488e-01 8.215686274509803599e-01
8.921568627450977562e-01 9.935294117647058831e-01 8.490196078431369031e-01
9.117647058823529216e-01 9.947058823529412175e-01 8.764705882352941124e-01
9.313725490196078649e-01 9.958823529411764408e-01 9.039215686274508776e-01
9.509803921568626972e-01 9.970588235294117752e-01 9.313725490196078649e-01
9.705882352941176405e-01 9.982352941176471095e-01 9.588235294117646301e-01
9.901960784313725839e-01 9.994117647058823328e-01 9.862745098039213953e-01
9.980392156862745168e-01 9.974509803921568496e-01 9.823529411764706509e-01
9.941176470588235503e-01 9.923529411764705488e-01 9.470588235294118418e-01
9.901960784313725839e-01 9.872549019607843590e-01 9.117647058823530326e-01
9.862745098039216174e-01 9.821568627450980582e-01 8.764705882352942234e-01
9.823529411764707620e-01 9.770588235294119794e-01 8.411764705882365245e-01
9.784313725490196845e-01 9.719607843137255676e-01 8.058823529411767161e-01
9.745098039215687180e-01 9.668627450980392668e-01 7.705882352941179070e-01
9.705882352941176405e-01 9.617647058823529660e-01 7.352941176470590978e-01
9.666666666666666741e-01 9.566666666666666652e-01 7.000000000000002887e-01
9.627450980392157076e-01 9.515686274509804754e-01 6.647058823529414795e-01
9.588235294117647411e-01 9.464705882352941746e-01 6.294117647058827814e-01
9.549019607843137747e-01 9.413725490196078738e-01 5.941176470588239722e-01
9.509803921568628082e-01 9.362745098039215730e-01 5.588235294117651630e-01
9.470588235294118418e-01 9.311764705882353832e-01 5.235294117647063539e-01
9.431372549019608753e-01 9.260784313725490824e-01 4.882352941176476557e-01
9.392156862745099088e-01 9.209803921568628926e-01 4.529411764705888466e-01
9.352941176470589424e-01 9.158823529411765918e-01 4.176470588235300374e-01
9.313725490196079759e-01 9.107843137254902910e-01 3.823529411764712282e-01
9.274509803921568984e-01 9.056862745098039902e-01 3.470588235294124191e-01
9.235294117647059320e-01 9.005882352941176894e-01 3.117647058823537209e-01
9.196078431372550765e-01 8.954901960784316106e-01 2.764705882352959110e-01
9.156862745098039991e-01 8.903921568627451988e-01 2.411764705882361026e-01
9.117647058823530326e-01 8.852941176470590090e-01 2.058823529411774045e-01
9.078431372549020661e-01 8.801960784313727082e-01 1.705882352941185953e-01
9.039215686274510997e-01 8.750980392156864074e-01 1.352941176470597862e-01
9.000000000000001332e-01 8.700000000000001066e-01 1.000000000000009770e-01
9.039215686274508776e-01 8.582352941176474292e-01 9.607843137254913624e-02
9.078431372549018441e-01 8.464705882352944188e-01 9.215686274509815590e-02
9.117647058823528106e-01 8.347058823529415195e-01 8.823529411764717556e-02
9.156862745098037770e-01 8.229411764705885091e-01 8.431372549019619522e-02
9.196078431372548545e-01 8.111764705882356097e-01 8.039215686274521488e-02
9.235294117647058210e-01 7.994117647058827103e-01 7.647058823529423455e-02
9.274509803921567874e-01 7.876470588235296999e-01 7.254901960784325421e-02
9.313725490196077539e-01 7.758823529411768005e-01 6.862745098039227387e-02
9.352941176470587203e-01 7.641176470588237901e-01 6.470588235294127966e-02
9.392156862745096868e-01 7.523529411764708907e-01 6.078431372549031320e-02
9.431372549019605422e-01 7.405882352941183244e-01 5.686274509803944388e-02
9.470588235294116197e-01 7.288235294117649810e-01 5.294117647058835252e-02
9.509803921568626972e-01 7.170588235294120816e-01 4.901960784313737218e-02
9.549019607843136637e-01 7.052941176470590712e-01 4.509803921568638491e-02
9.588235294117646301e-01 6.935294117647061718e-01 4.117647058823540457e-02
9.627450980392155966e-01 6.817647058823532724e-01 3.725490196078443117e-02
9.666666666666665630e-01 6.700000000000003730e-01 3.333333333333345083e-02
9.705882352941175295e-01 6.582352941176473626e-01 2.941176470588245662e-02
9.745098039215684960e-01 6.464705882352943522e-01 2.549019607843149016e-02
9.784313725490194624e-01 6.347058823529414529e-01 2.156862745098050982e-02
9.823529411764704289e-01 6.229411764705885535e-01 1.764705882352952948e-02
9.862745098039215064e-01 6.111764705882356541e-01 1.372549019607853527e-02
9.901960784313724728e-01 5.994117647058826437e-01 9.803921568627554928e-03
9.941176470588234393e-01 5.876470588235296333e-01 5.882352941176588468e-03
9.980392156862744057e-01 5.758823529411767339e-01 1.960784313725608130e-03
1.000000000000000000e+00 5.627450980392160185e-01 0.000000000000000000e+00
1.000000000000000000e+00 5.482352941176478200e-01 0.000000000000000000e+00
1.000000000000000000e+00 5.337254901960787334e-01 0.000000000000000000e+00
1.000000000000000000e+00 5.192156862745100909e-01 0.000000000000000000e+00
1.000000000000000000e+00 5.047058823529414484e-01 0.000000000000000000e+00
1.000000000000000000e+00 4.901960784313728059e-01 0.000000000000000000e+00
1.000000000000000000e+00 4.756862745098042189e-01 0.000000000000000000e+00
1.000000000000000000e+00 4.611764705882355209e-01 0.000000000000000000e+00
1.000000000000000000e+00 4.466666666666668783e-01 0.000000000000000000e+00
1.000000000000000000e+00 4.321568627450982358e-01 0.000000000000000000e+00
1.000000000000000000e+00 4.176470588235295933e-01 0.000000000000000000e+00
1.000000000000000000e+00 4.031372549019609508e-01 0.000000000000000000e+00
1.000000000000000000e+00 3.886274509803923638e-01 0.000000000000000000e+00
1.000000000000000000e+00 3.741176470588237213e-01 0.000000000000000000e+00
1.000000000000000000e+00 3.596078431372550233e-01 0.000000000000000000e+00
1.000000000000000000e+00 3.450980392156863807e-01 0.000000000000000000e+00
1.000000000000000000e+00 3.305882352941177937e-01 0.000000000000000000e+00
1.000000000000000000e+00 3.160784313725495398e-01 0.000000000000000000e+00
1.000000000000000000e+00 3.015686274509805087e-01 0.000000000000000000e+00
1.000000000000000000e+00 2.870588235294118662e-01 0.000000000000000000e+00
1.000000000000000000e+00 2.725490196078432237e-01 0.000000000000000000e+00
1.000000000000000000e+00 2.580392156862745812e-01 0.000000000000000000e+00
1.000000000000000000e+00 2.435294117647059386e-01 0.000000000000000000e+00
1.000000000000000000e+00 2.290196078431372961e-01 0.000000000000000000e+00
1.000000000000000000e+00 2.145098039215686536e-01 0.000000000000000000e+00
1.000000000000000000e+00 2.000000000000000111e-01 0.000000000000000000e+00
9.921568627450980671e-01 1.921568627450980504e-01 0.000000000000000000e+00
9.843137254901961342e-01 1.843137254901960898e-01 0.000000000000000000e+00
9.764705882352940902e-01 1.764705882352941291e-01 0.000000000000000000e+00
9.686274509803921573e-01 1.686274509803921684e-01 0.000000000000000000e+00
9.607843137254902244e-01 1.607843137254902077e-01 0.000000000000000000e+00
9.529411764705882915e-01 1.529411764705882470e-01 0.000000000000000000e+00
9.450980392156862475e-01 1.450980392156862864e-01 0.000000000000000000e+00
9.372549019607845366e-01 1.372549019607845477e-01 0.000000000000000000e+00
9.294117647058823817e-01 1.294117647058823373e-01 0.000000000000000000e+00
9.215686274509804488e-01 1.215686274509804043e-01 0.000000000000000000e+00
9.137254901960784048e-01 1.137254901960784298e-01 0.000000000000000000e+00
9.058823529411764719e-01 1.058823529411764830e-01 0.000000000000000000e+00
8.980392156862745390e-01 9.803921568627452232e-02 0.000000000000000000e+00
8.901960784313726061e-01 9.019607843137254777e-02 0.000000000000000000e+00
8.823529411764705621e-01 8.235294117647058709e-02 0.000000000000000000e+00
8.745098039215686292e-01 7.450980392156864029e-02 0.000000000000000000e+00
8.666666666666666963e-01 6.666666666666667962e-02 0.000000000000000000e+00
8.588235294117647634e-01 5.882352941176469119e-02 0.000000000000000000e+00
8.509803921568628304e-01 5.098039215686275827e-02 0.000000000000000000e+00
8.431372549019607865e-01 4.313725490196079759e-02 0.000000000000000000e+00
8.352941176470588536e-01 3.529411764705883692e-02 0.000000000000000000e+00
8.274509803921569207e-01 2.745098039215684849e-02 0.000000000000000000e+00
8.196078431372548767e-01 1.960784313725488781e-02 0.000000000000000000e+00
8.117647058823531658e-01 1.176470588235317694e-02 0.000000000000000000e+00
8.039215686274510109e-01 3.921568627450994216e-03 0.000000000000000000e+00
7.954901960784314108e-01 0.000000000000000000e+00 0.000000000000000000e+00
7.864705882352941435e-01 0.000000000000000000e+00 0.000000000000000000e+00
7.774509803921568762e-01 0.000000000000000000e+00 0.000000000000000000e+00
7.684313725490196090e-01 0.000000000000000000e+00 0.000000000000000000e+00
7.594117647058823417e-01 0.000000000000000000e+00 0.000000000000000000e+00
7.503921568627450744e-01 0.000000000000000000e+00 0.000000000000000000e+00
7.413725490196079182e-01 0.000000000000000000e+00 0.000000000000000000e+00
7.323529411764706509e-01 0.000000000000000000e+00 0.000000000000000000e+00
7.233333333333333837e-01 0.000000000000000000e+00 0.000000000000000000e+00
7.143137254901961164e-01 0.000000000000000000e+00 0.000000000000000000e+00
7.052941176470588491e-01 0.000000000000000000e+00 0.000000000000000000e+00
6.962745098039215819e-01 0.000000000000000000e+00 0.000000000000000000e+00
6.872549019607843146e-01 0.000000000000000000e+00 0.000000000000000000e+00
6.782352941176470473e-01 0.000000000000000000e+00 0.000000000000000000e+00
6.692156862745100021e-01 0.000000000000000000e+00 0.000000000000000000e+00
6.601960784313725128e-01 0.000000000000000000e+00 0.000000000000000000e+00
6.511764705882352455e-01 0.000000000000000000e+00 0.000000000000000000e+00
6.421568627450979783e-01 0.000000000000000000e+00 0.000000000000000000e+00
6.331372549019607110e-01 0.000000000000000000e+00 0.000000000000000000e+00
6.241176470588235548e-01 0.000000000000000000e+00 0.000000000000000000e+00
6.150980392156861765e-01 0.000000000000000000e+00 0.000000000000000000e+00
6.060784313725490202e-01 0.000000000000000000e+00 0.000000000000000000e+00
5.970588235294117530e-01 0.000000000000000000e+00 0.000000000000000000e+00
5.880392156862744857e-01 0.000000000000000000e+00 0.000000000000000000e+00
5.790196078431372184e-01 0.000000000000000000e+00 0.000000000000000000e+00
5.699999999999999512e-01 0.000000000000000000e+00 0.000000000000000000e+00
