1.000000000000000056e-01 1.000000000000000056e-01 1.000000000000000056e-01
1.070588235294117757e-01 1.058823529411764691e-01 1.047058823529411764e-01
1.141176470588235320e-01 1.117647058823529466e-01 1.094117647058823611e-01
1.211764705882353022e-01 1.176470588235294101e-01 1.141176470588235320e-01
1.282352941176470584e-01 1.235294117647058876e-01 1.188235294117647167e-01
1.352941176470588425e-01 1.294117647058823650e-01 1.235294117647058876e-01
1.423529411764705987e-01 1.352941176470588147e-01 1.282352941176470584e-01
1.494117647058823550e-01 1.411764705882352922e-01 1.329411764705882293e-01
1.564705882352941391e-01 1.470588235294117696e-01 1.376470588235294001e-01
1.635294117647058953e-01 1.529411764705882470e-01 1.423529411764705987e-01
1.705882352941176516e-01 1.588235294117646967e-01 1.470588235294117696e-01
1.776470588235294357e-01 1.647058823529411742e-01 1.517647058823529405e-01
1.847058823529411919e-01 1.705882352941176516e-01 1.564705882352941113e-01
1.917647058823529482e-01 1.764705882352941013e-01 1.611764705882353099e-01
1.988235294117647323e-01 1.823529411764705788e-01 1.658823529411764808e-01
2.058823529411765163e-01 1.882352941176470562e-01 1.705882352941176516e-01
2.129411764705882448e-01 1.941176470588235059e-01 1.752941176470588225e-01
2.200000000000000289e-01 2.000000000000000111e-01 1.799999999999999933e-01
2.270588235294117851e-01 2.058823529411764608e-01 1.847058823529411642e-01
2.341176470588235692e-01 2.117647058823529382e-01 1.894117647058823350e-01
2.411764705882353255e-01 2.176470588235294157e-01 1.941176470588235059e-01
2.482352941176470817e-01 2.235294117647058654e-01 1.988235294117647045e-01
2.552941176470588935e-01 2.294117647058823428e-01 2.035294117647059031e-01
2.623529411764705666e-01 2.352941176470587925e-01 2.082352941176470462e-01
2.694117647058823506e-01 2.411764705882352700e-01 2.129411764705882448e-01
2.764705882352941346e-01 2.470588235294117474e-01 2.176470588235294157e-01
2.835294117647059187e-01 2.529411764705882248e-01 2.223529411764705865e-01
2.905882352941177027e-01 2.588235294117646745e-01 2.270588235294117574e-01
2.976470588235294312e-01 2.647058823529411242e-01 2.317647058823529282e-01
3.047058823529412153e-01 2.705882352941176294e-01 2.364705882352941269e-01
3.117647058823529993e-01 2.764705882352941346e-01 2.411764705882352977e-01
3.188235294117647278e-01 2.823529411764705843e-01 2.458823529411764686e-01
3.258823529411765119e-01 2.882352941176470340e-01 2.505882352941176672e-01
3.329411764705881849e-01 2.941176470588234837e-01 2.552941176470587825e-01
3.400000000000000799e-01 2.999999999999999889e-01 2.600000000000000089e-01
3.470588235294118085e-01 3.058823529411764386e-01 2.647058823529411242e-01
3.541176470588235370e-01 3.117647058823529438e-01 2.694117647058823506e-01
3.611764705882353210e-01 3.176470588235293380e-01 2.741176470588234659e-01
3.682352941176471051e-01 3.235294117647058432e-01 2.788235294117646923e-01
3.752941176470588891e-01 3.294117647058822929e-01 2.835294117647058632e-01
3.823529411764706731e-01 3.352941176470587981e-01 2.882352941176470340e-01
3.894117647058823461e-01 3.411764705882351922e-01 2.929411764705881493e-01
3.964705882352941302e-01 3.470588235294117530e-01 2.976470588235293757e-01
3.988235294117647434e-01 3.541176470588234815e-01 3.047058823529411598e-01
3.964705882352941302e-01 3.623529411764705443e-01 3.141176470588235015e-01
3.941176470588235725e-01 3.705882352941175517e-01 3.235294117647057877e-01
3.917647058823529593e-01 3.788235294117646701e-01 3.329411764705882404e-01
3.894117647058823461e-01 3.870588235294117330e-01 3.423529411764705821e-01
3.870588235294117885e-01 3.952941176470587958e-01 3.517647058823529238e-01
3.847058823529412308e-01 4.035294117647058032e-01 3.611764705882352100e-01
3.823529411764706176e-01 4.117647058823529216e-01 3.705882352941176627e-01
3.800000000000000044e-01 4.199999999999999845e-01 3.800000000000000044e-01
3.776470588235294468e-01 4.282352941176470473e-01 3.894117647058823461e-01
3.752941176470588336e-01 4.364705882352940547e-01 3.988235294117646323e-01
3.729411764705882759e-01 4.447058823529411731e-01 4.082352941176470296e-01
3.705882352941176627e-01 4.529411764705881804e-01 4.176470588235293713e-01
3.682352941176470495e-01 4.611764705882352433e-01 4.270588235294117130e-01
3.658823529411764919e-01 4.694117647058822507e-01 4.364705882352940547e-01
3.635294117647058787e-01 4.776470588235293691e-01 4.458823529411764519e-01
3.611764705882353210e-01 4.858823529411764319e-01 4.552941176470587936e-01
3.588235294117647078e-01 4.941176470588234948e-01 4.647058823529411353e-01
3.564705882352941502e-01 5.023529411764704466e-01 4.741176470588234215e-01
3.541176470588235370e-01 5.105882352941175650e-01 4.835294117647058743e-01
3.517647058823529238e-01 5.188235294117646834e-01 4.929411764705882160e-01
3.494117647058823661e-01 5.270588235294116908e-01 5.023529411764705577e-01
3.470588235294117530e-01 5.352941176470588092e-01 5.117647058823528994e-01
3.447058823529411953e-01 5.435294117647057055e-01 5.211764705882351301e-01
3.423529411764705821e-01 5.517647058823529349e-01 5.305882352941175828e-01
3.400000000000000244e-01 5.599999999999999423e-01 5.399999999999999245e-01
3.376470588235294112e-01 5.682352941176470607e-01 5.494117647058822662e-01
3.352941176470588536e-01 5.764705882352940680e-01 5.588235294117647189e-01
3.329411764705882404e-01 5.847058823529411864e-01 5.682352941176469496e-01
3.305882352941176272e-01 5.929411764705881938e-01 5.776470588235294024e-01
3.282352941176470695e-01 6.011764705882352011e-01 5.870588235294117441e-01
3.258823529411765119e-01 6.094117647058822085e-01 5.964705882352939748e-01
3.235294117647058987e-01 6.176470588235293269e-01 6.058823529411764275e-01
3.211764705882352855e-01 6.258823529411764452e-01 6.152941176470587692e-01
3.188235294117647278e-01 6.341176470588234526e-01 6.247058823529412219e-01
3.164705882352941146e-01 6.423529411764705710e-01 6.341176470588234526e-01
3.141176470588235015e-01 6.505882352941175784e-01 6.435294117647057943e-01
3.117647058823529438e-01 6.588235294117645857e-01 6.529411764705881360e-01
3.094117647058823306e-01 6.670588235294117041e-01 6.623529411764705888e-01
3.070588235294117729e-01 6.752941176470586004e-01 6.717647058823528194e-01
3.047058823529411598e-01 6.835294117647058298e-01 6.811764705882352722e-01
3.023529411764706021e-01 6.917647058823528372e-01 6.905882352941176139e-01
2.999999999999999889e-01 6.999999999999999556e-01 6.999999999999999556e-01
3.164705882352941146e-01 7.070588235294117396e-01 7.056747404844290195e-01
3.329411764705882404e-01 7.141176470588235237e-01 7.113494809688580833e-01
3.494117647058823106e-01 7.211764705882353077e-01 7.170242214532871472e-01
3.658823529411764364e-01 7.282352941176469807e-01 7.226989619377162111e-01
3.823529411764703401e-01 7.352941176470586537e-01 7.283737024221451639e-01
3.988235294117646879e-01 7.423529411764705488e-01 7.340484429065743388e-01
4.152941176470588136e-01 7.494117647058823328e-01 7.397231833910034027e-01
4.317647058823529393e-01 7.564705882352941169e-01 7.453979238754324665e-01
4.482352941176470651e-01 7.635294117647057899e-01 7.510726643598615304e-01
4.647058823529411908e-01 7.705882352941175739e-01 7.567474048442905943e-01
4.811764705882353166e-01 7.776470588235293580e-01 7.624221453287196582e-01
4.976470588235293868e-01 7.847058823529411420e-01 7.680968858131487220e-01
5.141176470588233460e-01 7.917647058823528150e-01 7.737716262975777859e-01
5.305882352941175828e-01 7.988235294117647101e-01 7.794463667820068498e-01
5.470588235294118196e-01 8.058823529411764941e-01 7.851211072664359136e-01
5.635294117647058343e-01 8.129411764705881671e-01 7.907958477508649775e-01
5.799999999999999600e-01 8.199999999999999512e-01 7.964705882352940414e-01
5.964705882352940858e-01 8.270588235294117352e-01 8.021453287197231052e-01
6.129411764705882115e-01 8.341176470588235192e-01 8.078200692041521691e-01
6.294117647058823373e-01 8.411764705882353033e-01 8.134948096885812330e-01
6.458823529411762410e-01 8.482352941176469763e-01 8.191695501730102968e-01
6.623529411764705888e-01 8.552941176470587603e-01 8.248442906574394717e-01
6.788235294117646035e-01 8.623529411764705443e-01 8.305190311418684246e-01
6.952941176470588402e-01 8.694117647058823284e-01 8.361937716262974885e-01
7.117647058823528550e-01 8.764705882352941124e-01 8.418685121107266633e-01
7.282352941176470917e-01 8.835294117647058965e-01 8.475432525951557272e-01
7.447058823529411065e-01 8.905882352941176805e-01 8.532179930795846801e-01
7.611764705882352322e-01 8.976470588235293535e-01 8.588927335640138550e-01
7.776470588235291359e-01 9.047058823529410265e-01 8.645674740484428078e-01
7.941176470588235947e-01 9.117647058823529216e-01 8.702422145328719827e-01
8.105882352941176094e-01 9.188235294117647056e-01 8.759169550173010466e-01
8.270588235294116242e-01 9.258823529411764897e-01 8.815916955017301104e-01
8.435294117647058609e-01 9.329411764705881627e-01 8.872664359861591743e-01
8.599999999999998757e-01 9.399999999999999467e-01 8.929411764705882382e-01
8.764705882352941124e-01 9.470588235294117307e-01 8.986159169550173020e-01
8.929411764705881271e-01 9.541176470588235148e-01 9.042906574394463659e-01
9.094117647058821419e-01 9.611764705882351878e-01 9.099653979238753188e-01
9.258823529411763786e-01 9.682352941176470829e-01 9.156401384083044936e-01
9.423529411764706154e-01 9.752941176470588669e-01 9.213148788927335575e-01
9.588235294117646301e-01 9.823529411764706509e-01 9.269896193771626214e-01
9.752941176470588669e-01 9.894117647058824350e-01 9.326643598615916853e-01
9.917647058823528816e-01 9.964705882352941080e-01 9.383391003460207491e-01
9.988235294117646657e-01 9.941176470588235503e-01 9.389273356401384163e-01
9.964705882352941080e-01 9.823529411764705399e-01 9.344290657439445758e-01
9.941176470588235503e-01 9.705882352941176405e-01 9.299307958477508462e-01
9.917647058823529926e-01 9.588235294117647411e-01 9.254325259515571167e-01
9.894117647058824350e-01 9.470588235294120638e-01 9.209342560553633872e-01
9.870588235294117663e-01 9.352941176470588314e-01 9.164359861591695466e-01
9.847058823529412086e-01 9.235294117647059320e-01 9.119377162629758171e-01
9.823529411764705399e-01 9.117647058823529216e-01 9.074394463667819766e-01
9.799999999999999822e-01 9.000000000000000222e-01 9.029411764705882470e-01
9.776470588235294246e-01 8.882352941176470118e-01 8.984429065743944065e-01
9.752941176470588669e-01 8.764705882352941124e-01 8.939446366782006770e-01
9.729411764705881982e-01 8.647058823529412130e-01 8.894463667820069475e-01
9.705882352941176405e-01 8.529411764705882026e-01 8.849480968858131069e-01
9.682352941176470829e-01 8.411764705882353033e-01 8.804498269896193774e-01
9.658823529411765252e-01 8.294117647058822929e-01 8.759515570934255368e-01
9.635294117647058565e-01 8.176470588235293935e-01 8.714532871972318073e-01
9.611764705882352988e-01 8.058823529411764941e-01 8.669550173010380778e-01
9.588235294117647411e-01 7.941176470588235947e-01 8.624567474048443483e-01
9.564705882352941835e-01 7.823529411764705843e-01 8.579584775086505077e-01
9.541176470588235148e-01 7.705882352941176849e-01 8.534602076124567782e-01
9.517647058823530681e-01 7.588235294117650076e-01 8.489619377162630487e-01
9.494117647058823994e-01 7.470588235294117752e-01 8.444636678200692081e-01
9.470588235294117307e-01 7.352941176470588758e-01 8.399653979238754786e-01
9.447058823529411731e-01 7.235294117647058654e-01 8.354671280276816381e-01
9.423529411764706154e-01 7.117647058823529660e-01 8.309688581314879086e-01
9.400000000000000577e-01 6.999999999999999556e-01 8.264705882352940680e-01
9.376470588235293890e-01 6.882352941176470562e-01 8.219723183391003385e-01
9.352941176470588314e-01 6.764705882352941568e-01 8.174740484429066090e-01
9.329411764705882737e-01 6.647058823529412575e-01 8.129757785467127684e-01
9.305882352941177160e-01 6.529411764705882470e-01 8.084775086505190389e-01
9.282352941176470473e-01 6.411764705882352366e-01 8.039792387543251984e-01
9.258823529411764897e-01 6.294117647058823373e-01 7.994809688581314688e-01
9.235294117647059320e-01 6.176470588235294379e-01 7.949826989619377393e-01
9.211764705882352633e-01 6.058823529411765385e-01 7.904844290657440098e-01
9.188235294117647056e-01 5.941176470588235281e-01 7.859861591695501692e-01
9.164705882352941479e-01 5.823529411764705177e-01 7.814878892733563287e-01
9.141176470588235903e-01 5.705882352941180624e-01 7.769896193771628212e-01
9.117647058823529216e-01 5.588235294117647189e-01 7.724913494809688697e-01
9.094117647058823639e-01 5.470588235294118196e-01 7.679930795847751401e-01
9.070588235294118062e-01 5.352941176470588092e-01 7.634948096885812996e-01
9.047058823529412486e-01 5.235294117647059098e-01 7.589965397923875701e-01
9.023529411764705799e-01 5.117647058823528994e-01 7.544982698961937295e-01
9.000000000000000222e-01 5.000000000000000000e-01 7.500000000000000000e-01
8.929411764705882382e-01 4.929411764705882160e-01 7.370588235294117663e-01
8.858823529411764541e-01 4.858823529411764874e-01 7.241176470588235325e-01
8.788235294117646701e-01 4.788235294117647034e-01 7.111764705882352988e-01
8.717647058823528861e-01 4.717647058823529194e-01 6.982352941176470651e-01
8.647058823529412130e-01 4.647058823529411353e-01 6.852941176470588314e-01
8.576470588235294290e-01 4.576470588235294068e-01 6.723529411764705976e-01
8.505882352941176450e-01 4.505882352941176228e-01 6.594117647058822529e-01
8.435294117647058609e-01 4.435294117647058387e-01 6.464705882352940192e-01
8.364705882352940769e-01 4.364705882352940547e-01 6.335294117647057854e-01
8.294117647058825149e-01 4.294117647058824927e-01 6.205882352941178848e-01
8.223529411764705088e-01 4.223529411764705421e-01 6.076470588235293180e-01
8.152941176470587248e-01 4.152941176470587581e-01 5.947058823529410843e-01
8.082352941176470518e-01 4.082352941176470296e-01 5.817647058823528505e-01
8.011764705882352677e-01 4.011764705882352455e-01 5.688235294117645058e-01
7.941176470588234837e-01 3.941176470588234615e-01 5.558823529411762721e-01
7.870588235294116997e-01 3.870588235294116775e-01 5.429411764705880383e-01
7.799999999999999156e-01 3.799999999999999489e-01 5.299999999999998046e-01
7.729411764705881316e-01 3.729411764705881649e-01 5.170588235294115709e-01
7.658823529411763475e-01 3.658823529411763809e-01 5.041176470588233371e-01
7.588235294117646745e-01 3.588235294117646523e-01 4.911764705882351034e-01
7.517647058823528905e-01 3.517647058823528683e-01 4.782352941176468697e-01
7.447058823529411065e-01 3.447058823529410843e-01 4.652941176470585805e-01
7.376470588235293224e-01 3.376470588235293002e-01 4.523529411764703467e-01
7.305882352941175384e-01 3.305882352941175162e-01 4.394117647058821685e-01
7.235294117647057544e-01 3.235294117647057877e-01 4.264705882352938793e-01
7.164705882352941924e-01 3.164705882352941702e-01 4.135294117647060341e-01
7.094117647058821863e-01 3.094117647058822751e-01 4.005882352941174118e-01
7.023529411764704022e-01 3.023529411764704911e-01 3.876470588235291226e-01
6.952941176470586182e-01 2.952941176470587070e-01 3.747058823529408889e-01
6.882352941176468342e-01 2.882352941176469230e-01 3.617647058823526551e-01
6.811764705882351612e-01 2.811764705882351389e-01 3.488235294117643659e-01
6.741176470588233771e-01 2.741176470588233549e-01 3.358823529411761322e-01
6.670588235294115931e-01 2.670588235294115709e-01 3.229411764705878984e-01
6.599999999999998090e-01 2.599999999999998979e-01 3.099999999999997202e-01
6.529411764705880250e-01 2.529411764705881138e-01 2.970588235294114310e-01
6.458823529411763520e-01 2.458823529411763298e-01 2.841176470588231973e-01
6.388235294117645680e-01 2.388235294117645457e-01 2.711764705882349635e-01
6.317647058823527839e-01 2.317647058823527617e-01 2.582352941176466743e-01
6.247058823529409999e-01 2.247058823529409777e-01 2.452941176470584406e-01
6.176470588235292158e-01 2.176470588235292491e-01 2.323529411764702068e-01
6.105882352941174318e-01 2.105882352941174651e-01 2.194117647058819731e-01
6.035294117647058698e-01 2.035294117647059031e-01 2.064705882352940725e-01
5.952941176470585294e-01 1.976470588235292869e-01 1.976470588235292869e-01
5.858823529411761877e-01 1.929411764705881160e-01 1.929411764705881160e-01
5.764705882352938460e-01 1.882352941176469452e-01 1.882352941176469452e-01
5.670588235294115043e-01 1.835294117647057743e-01 1.835294117647057743e-01
5.576470588235291626e-01 1.788235294117646035e-01 1.788235294117646035e-01
5.482352941176468208e-01 1.741176470588234326e-01 1.741176470588234326e-01
5.388235294117644791e-01 1.694117647058822618e-01 1.694117647058822618e-01
5.294117647058821374e-01 1.647058823529410909e-01 1.647058823529410909e-01
5.199999999999997957e-01 1.599999999999998923e-01 1.599999999999998923e-01
5.105882352941174540e-01 1.552941176470587215e-01 1.552941176470587215e-01
5.011764705882351123e-01 1.505882352941175506e-01 1.505882352941175506e-01
4.917647058823527151e-01 1.458823529411763797e-01 1.458823529411763797e-01
4.823529411764704289e-01 1.411764705882352089e-01 1.411764705882352089e-01
4.729411764705880317e-01 1.364705882352940103e-01 1.364705882352940103e-01
4.635294117647056900e-01 1.317647058823528394e-01 1.317647058823528394e-01
4.541176470588236258e-01 1.270588235294118351e-01 1.270588235294118351e-01
4.447058823529410065e-01 1.223529411764705116e-01 1.223529411764705116e-01
4.352941176470586648e-01 1.176470588235293407e-01 1.176470588235293407e-01
4.258823529411762676e-01 1.129411764705881560e-01 1.129411764705881560e-01
4.164705882352939259e-01 1.082352941176469852e-01 1.082352941176469852e-01
4.070588235294115842e-01 1.035294117647058143e-01 1.035294117647058143e-01
3.976470588235292425e-01 9.882352941176464345e-02 9.882352941176464345e-02
3.882352941176469008e-01 9.411764705882347259e-02 9.411764705882347259e-02
3.788235294117645591e-01 8.941176470588230174e-02 8.941176470588230174e-02
3.694117647058822174e-01 8.470588235294113089e-02 8.470588235294113089e-02
3.599999999999998757e-01 7.999999999999994615e-02 7.999999999999994615e-02
3.505882352941175339e-01 7.529411764705878918e-02 7.529411764705878918e-02
3.411764705882351922e-01 7.058823529411759057e-02 7.058823529411759057e-02
3.317647058823528505e-01 6.588235294117644747e-02 6.588235294117644747e-02
3.223529411764705088e-01 6.117647058823524886e-02 6.117647058823524886e-02
3.129411764705881671e-01 5.647058823529407801e-02 5.647058823529407801e-02
3.035294117647061030e-01 5.176470588235304593e-02 5.176470588235304593e-02
2.941176470588234837e-01 4.705882352941173630e-02 4.705882352941173630e-02
2.847058823529411420e-01 4.235294117647056544e-02 4.235294117647056544e-02
2.752941176470588003e-01 3.764705882352939459e-02 3.764705882352939459e-02
2.658823529411764031e-01 3.294117647058819598e-02 3.294117647058819598e-02
2.564705882352941169e-01 2.823529411764705288e-02 2.823529411764705288e-02
2.470588235294117196e-01 2.352941176470585427e-02 2.352941176470585427e-02
2.376470588235293779e-01 1.882352941176468342e-02 1.882352941176468342e-02
2.282352941176470362e-01 1.411764705882351256e-02 1.411764705882351256e-02
2.188235294117646945e-01 9.411764705882341708e-03 9.411764705882341708e-03
2.094117647058823528e-01 4.705882352941170854e-03 4.705882352941170854e-03
2.000000000000000111e-01 0.000000000000000000e+00 0.000000000000000000e+00
