0.000000000000000000e+00 1.000000000000000056e-01 1.000000000000000056e-01
0.000000000000000000e+00 1.039215686274509859e-01 1.039215686274509859e-01
0.000000000000000000e+00 1.078431372549019662e-01 1.078431372549019662e-01
0.000000000000000000e+00 1.117647058823529466e-01 1.117647058823529466e-01
0.000000000000000000e+00 1.156862745098039269e-01 1.156862745098039269e-01
0.000000000000000000e+00 1.196078431372549072e-01 1.196078431372549072e-01
0.000000000000000000e+00 1.235294117647058876e-01 1.235294117647058876e-01
0.000000000000000000e+00 1.274509803921568540e-01 1.274509803921568540e-01
0.000000000000000000e+00 1.313725490196078483e-01 1.313725490196078483e-01
0.000000000000000000e+00 1.352941176470588425e-01 1.352941176470588425e-01
0.000000000000000000e+00 1.392156862745098089e-01 1.392156862745098089e-01
0.000000000000000000e+00 1.431372549019607754e-01 1.431372549019607754e-01
0.000000000000000000e+00 1.470588235294117696e-01 1.470588235294117696e-01
0.000000000000000000e+00 1.509803921568627361e-01 1.509803921568627361e-01
0.000000000000000000e+00 1.549019607843137303e-01 1.549019607843137303e-01
0.000000000000000000e+00 1.588235294117646967e-01 1.588235294117646967e-01
0.000000000000000000e+00 1.627450980392156910e-01 1.627450980392156910e-01
0.000000000000000000e+00 1.666666666666666574e-01 1.666666666666666574e-01
0.000000000000000000e+00 1.705882352941176516e-01 1.705882352941176516e-01
0.000000000000000000e+00 1.745098039215686181e-01 1.745098039215686181e-01
0.000000000000000000e+00 1.784313725490196123e-01 1.784313725490196123e-01
0.000000000000000000e+00 1.823529411764705788e-01 1.823529411764705788e-01
0.000000000000000000e+00 1.862745098039215730e-01 1.862745098039215730e-01
0.000000000000000000e+00 1.901960784313725394e-01 1.901960784313725394e-01
0.000000000000000000e+00 1.941176470588235059e-01 1.941176470588235059e-01
0.000000000000000000e+00 1.980392156862745001e-01 1.980392156862745001e-01
0.000000000000000000e+00 2.019607843137254943e-01 2.019607843137254943e-01
0.000000000000000000e+00 2.058823529411764608e-01 2.058823529411764608e-01
0.000000000000000000e+00 2.098039215686274550e-01 2.098039215686274550e-01
0.000000000000000000e+00 2.137254901960784215e-01 2.137254901960784215e-01
0.000000000000000000e+00 2.176470588235294157e-01 2.176470588235294157e-01
0.000000000000000000e+00 2.215686274509803821e-01 2.215686274509803821e-01
0.000000000000000000e+00 2.254901960784313764e-01 2.254901960784313764e-01
0.000000000000000000e+00 2.294117647058823151e-01 2.294117647058823151e-01
0.000000000000000000e+00 2.333333333333333093e-01 2.333333333333333093e-01
0.000000000000000000e+00 2.372549019607843035e-01 2.372549019607843035e-01
0.000000000000000000e+00 2.411764705882352977e-01 2.411764705882352977e-01
0.000000000000000000e+00 2.450980392156862364e-01 2.450980392156862364e-01
0.000000000000000000e+00 2.490196078431372584e-01 2.490196078431372584e-01
0.000000000000000000e+00 2.529411764705882248e-01 2.529411764705882248e-01
0.000000000000000000e+00 2.568627450980391913e-01 2.568627450980391913e-01
0.000000000000000000e+00 2.607843137254901578e-01 2.607843137254901578e-01
0.000000000000000000e+00 2.647058823529411242e-01 2.647058823529411242e-01
0.000000000000000000e+00 2.686274509803921462e-01 2.686274509803921462e-01
0.000000000000000000e+00 2.725490196078431682e-01 2.725490196078431682e-01
0.000000000000000000e+00 2.764705882352940791e-01 2.764705882352940791e-01
0.000000000000000000e+00 2.803921568627451011e-01 2.803921568627451011e-01
0.000000000000000000e+00 2.843137254901960675e-01 2.843137254901960675e-01
0.000000000000000000e+00 2.882352941176470340e-01 2.882352941176470340e-01
0.000000000000000000e+00 2.921568627450980005e-01 2.921568627450980005e-01
0.000000000000000000e+00 2.960784313725489669e-01 2.960784313725489669e-01
0.000000000000000000e+00 2.999999999999999889e-01 2.999999999999999889e-01
9.803921568627450844e-03 3.009803921568627305e-01 3.078431372549019773e-01
1.960784313725483230e-02 3.019607843137254721e-01 3.156862745098038547e-01
2.941176470588235253e-02 3.029411764705882137e-01 3.235294117647058432e-01
3.921568627450980338e-02 3.039215686274509554e-01 3.313725490196078316e-01
4.901960784313725422e-02 3.049019607843136970e-01 3.392156862745098200e-01
5.882352941176463568e-02 3.058823529411764386e-01 3.470588235294116974e-01
6.862745098039216285e-02 3.068627450980391802e-01 3.549019607843136859e-01
7.843137254901960675e-02 3.078431372549019218e-01 3.627450980392156743e-01
8.823529411764706454e-02 3.088235294117647189e-01 3.705882352941176627e-01
9.803921568627443905e-02 3.098039215686274050e-01 3.784313725490195401e-01
1.078431372549019662e-01 3.107843137254902022e-01 3.862745098039215286e-01
1.176470588235294101e-01 3.117647058823529438e-01 3.941176470588235170e-01
1.274509803921568540e-01 3.127450980392156854e-01 4.019607843137254499e-01
1.372549019607843257e-01 3.137254901960784270e-01 4.098039215686274384e-01
1.470588235294116308e-01 3.147058823529411686e-01 4.176470588235292603e-01
1.568627450980392135e-01 3.156862745098039102e-01 4.254901960784313597e-01
1.666666666666666574e-01 3.166666666666666519e-01 4.333333333333332926e-01
1.764705882352941291e-01 3.176470588235293935e-01 4.411764705882352811e-01
1.862745098039215730e-01 3.186274509803921351e-01 4.490196078431372140e-01
1.960784313725490169e-01 3.196078431372548767e-01 4.568627450980392024e-01
2.058823529411764608e-01 3.205882352941176183e-01 4.647058823529411353e-01
2.156862745098039325e-01 3.215686274509803599e-01 4.725490196078431238e-01
2.254901960784312376e-01 3.225490196078431016e-01 4.803921568627449457e-01
2.352941176470588203e-01 3.235294117647058432e-01 4.882352941176469896e-01
2.450980392156862642e-01 3.245098039215685848e-01 4.960784313725489780e-01
2.549019607843137081e-01 3.254901960784313264e-01 5.039215686274509665e-01
2.647058823529411797e-01 3.264705882352941235e-01 5.117647058823528994e-01
2.745098039215686514e-01 3.274509803921568651e-01 5.196078431372548323e-01
2.843137254901960675e-01 3.284313725490196068e-01 5.274509803921567652e-01
2.941176470588235392e-01 3.294117647058823484e-01 5.352941176470588092e-01
3.039215686274508443e-01 3.303921568627450900e-01 5.431372549019606311e-01
3.137254901960784270e-01 3.313725490196078316e-01 5.509803921568627860e-01
3.235294117647058987e-01 3.323529411764705732e-01 5.588235294117647189e-01
3.333333333333333148e-01 3.333333333333333148e-01 5.666666666666666519e-01
3.431372549019607865e-01 3.343137254901960564e-01 5.745098039215685848e-01
3.529411764705882582e-01 3.352941176470587981e-01 5.823529411764705177e-01
3.627450980392156743e-01 3.362745098039215397e-01 5.901960784313724506e-01
3.725490196078431460e-01 3.372549019607842813e-01 5.980392156862744946e-01
3.823529411764704511e-01 3.382352941176470229e-01 6.058823529411763165e-01
3.921568627450980338e-01 3.392156862745097645e-01 6.137254901960784714e-01
4.019607843137255054e-01 3.401960784313725616e-01 6.215686274509804043e-01
4.117647058823529216e-01 3.411764705882352477e-01 6.294117647058823373e-01
4.215686274509803932e-01 3.421568627450980449e-01 6.372549019607842702e-01
4.313725490196078649e-01 3.431372549019607865e-01 6.450980392156862031e-01
4.411764705882352811e-01 3.441176470588235281e-01 6.529411764705881360e-01
4.509803921568627527e-01 3.450980392156862697e-01 6.607843137254901800e-01
4.607843137254900578e-01 3.460784313725490113e-01 6.686274509803920019e-01
4.705882352941176405e-01 3.470588235294117530e-01 6.764705882352940458e-01
4.803921568627451122e-01 3.480392156862744946e-01 6.843137254901960898e-01
4.901960784313725283e-01 3.490196078431372362e-01 6.921568627450980227e-01
5.000000000000000000e-01 3.499999999999999778e-01 6.999999999999999556e-01
5.078431372549019329e-01 3.509803921568627194e-01 7.019607843137254388e-01
5.156862745098038658e-01 3.519607843137254610e-01 7.039215686274509221e-01
5.235294117647059098e-01 3.529411764705882026e-01 7.058823529411764053e-01
5.313725490196077317e-01 3.539215686274509443e-01 7.078431372549018885e-01
5.392156862745097756e-01 3.549019607843136859e-01 7.098039215686273717e-01
5.470588235294117085e-01 3.558823529411764275e-01 7.117647058823528550e-01
5.549019607843137525e-01 3.568627450980391691e-01 7.137254901960783382e-01
5.627450980392156854e-01 3.578431372549019662e-01 7.156862745098039325e-01
5.705882352941176183e-01 3.588235294117647078e-01 7.176470588235294157e-01
5.784313725490195512e-01 3.598039215686274495e-01 7.196078431372548989e-01
5.862745098039214842e-01 3.607843137254901911e-01 7.215686274509803821e-01
5.941176470588234171e-01 3.617647058823529327e-01 7.235294117647058654e-01
6.019607843137254610e-01 3.627450980392156743e-01 7.254901960784313486e-01
6.098039215686273939e-01 3.637254901960784159e-01 7.274509803921568318e-01
6.176470588235293269e-01 3.647058823529411575e-01 7.294117647058823151e-01
6.254901960784313708e-01 3.656862745098038991e-01 7.313725490196077983e-01
6.333333333333333037e-01 3.666666666666666408e-01 7.333333333333332815e-01
6.411764705882352366e-01 3.676470588235293824e-01 7.352941176470587648e-01
6.490196078431371696e-01 3.686274509803921240e-01 7.372549019607842480e-01
6.568627450980389915e-01 3.696078431372548656e-01 7.392156862745097312e-01
6.647058823529410354e-01 3.705882352941176072e-01 7.411764705882352144e-01
6.725490196078430793e-01 3.715686274509804043e-01 7.431372549019608087e-01
6.803921568627450123e-01 3.725490196078431460e-01 7.450980392156862919e-01
6.882352941176469452e-01 3.735294117647058876e-01 7.470588235294117752e-01
6.960784313725488781e-01 3.745098039215686292e-01 7.490196078431372584e-01
7.039215686274509221e-01 3.754901960784313708e-01 7.509803921568627416e-01
7.117647058823528550e-01 3.764705882352941124e-01 7.529411764705882248e-01
7.196078431372547879e-01 3.774509803921568540e-01 7.549019607843137081e-01
7.274509803921567208e-01 3.784313725490195957e-01 7.568627450980391913e-01
7.352941176470584317e-01 3.794117647058823373e-01 7.588235294117646745e-01
7.431372549019605867e-01 3.803921568627450789e-01 7.607843137254901578e-01
7.509803921568626306e-01 3.813725490196078205e-01 7.627450980392156410e-01
7.588235294117645635e-01 3.823529411764705621e-01 7.647058823529411242e-01
7.666666666666666075e-01 3.833333333333333037e-01 7.666666666666666075e-01
7.745098039215685404e-01 3.843137254901960453e-01 7.686274509803920907e-01
7.823529411764704733e-01 3.852941176470587870e-01 7.705882352941175739e-01
7.901960784313724062e-01 3.862745098039215841e-01 7.725490196078431682e-01
7.980392156862743391e-01 3.872549019607843257e-01 7.745098039215686514e-01
8.058823529411762721e-01 3.882352941176470673e-01 7.764705882352941346e-01
8.137254901960782050e-01 3.892156862745098089e-01 7.784313725490196179e-01
8.215686274509802489e-01 3.901960784313725505e-01 7.803921568627451011e-01
8.294117647058821818e-01 3.911764705882352922e-01 7.823529411764705843e-01
8.372549019607842258e-01 3.921568627450980338e-01 7.843137254901960675e-01
8.450980392156861587e-01 3.931372549019607754e-01 7.862745098039215508e-01
8.529411764705880916e-01 3.941176470588235170e-01 7.882352941176470340e-01
8.607843137254898025e-01 3.950980392156862586e-01 7.901960784313725172e-01
8.686274509803919575e-01 3.960784313725490002e-01 7.921568627450980005e-01
8.764705882352938904e-01 3.970588235294117418e-01 7.941176470588234837e-01
8.843137254901958233e-01 3.980392156862744835e-01 7.960784313725489669e-01
8.921568627450977562e-01 3.990196078431372251e-01 7.980392156862744502e-01
8.999999999999998002e-01 4.000000000000000222e-01 8.000000000000000444e-01
9.000000000000000222e-01 4.078431372549017886e-01 7.882352941176474781e-01
9.000000000000000222e-01 4.156862745098037215e-01 7.764705882352944677e-01
9.000000000000000222e-01 4.235294117647057099e-01 7.647058823529415683e-01
9.000000000000000222e-01 4.313725490196076429e-01 7.529411764705885579e-01
9.000000000000000222e-01 4.392156862745096313e-01 7.411764705882356585e-01
9.000000000000000222e-01 4.470588235294116197e-01 7.294117647058826481e-01
9.000000000000000222e-01 4.549019607843135526e-01 7.176470588235297488e-01
9.000000000000000222e-01 4.627450980392155411e-01 7.058823529411767383e-01
9.000000000000000222e-01 4.705882352941174740e-01 6.941176470588238390e-01
9.000000000000000222e-01 4.784313725490194624e-01 6.823529411764708286e-01
9.000000000000000222e-01 4.862745098039211733e-01 6.705882352941182623e-01
9.000000000000000222e-01 4.941176470588233838e-01 6.588235294117650298e-01
9.000000000000000222e-01 5.019607843137253722e-01 6.470588235294120194e-01
9.000000000000000222e-01 5.098039215686273051e-01 6.352941176470591200e-01
9.000000000000000222e-01 5.176470588235293491e-01 6.235294117647061096e-01
9.000000000000000222e-01 5.254901960784312820e-01 6.117647058823532102e-01
9.000000000000000222e-01 5.333333333333332149e-01 6.000000000000001998e-01
9.000000000000000222e-01 5.411764705882351478e-01 5.882352941176473005e-01
9.000000000000000222e-01 5.490196078431371918e-01 5.764705882352942901e-01
9.000000000000000222e-01 5.568627450980391247e-01 5.647058823529413907e-01
9.000000000000000222e-01 5.647058823529410576e-01 5.529411764705884913e-01
9.000000000000000222e-01 5.725490196078431016e-01 5.411764705882354809e-01
9.000000000000000222e-01 5.803921568627450345e-01 5.294117647058824705e-01
9.000000000000000222e-01 5.882352941176469674e-01 5.176470588235295711e-01
9.000000000000000222e-01 5.960784313725489003e-01 5.058823529411766717e-01
9.000000000000000222e-01 6.039215686274509443e-01 4.941176470588236613e-01
9.000000000000000222e-01 6.117647058823526551e-01 4.823529411764710395e-01
9.000000000000000222e-01 6.196078431372548101e-01 4.705882352941178071e-01
9.000000000000000222e-01 6.274509803921568540e-01 4.588235294117648522e-01
9.000000000000000222e-01 6.352941176470587870e-01 4.470588235294118973e-01
9.000000000000000222e-01 6.431372549019607199e-01 4.352941176470589979e-01
9.000000000000000222e-01 6.509803921568626528e-01 4.235294117647059875e-01
9.000000000000000222e-01 6.588235294117645857e-01 4.117647058823530326e-01
9.000000000000000222e-01 6.666666666666666297e-01 4.000000000000000777e-01
9.000000000000000222e-01 6.745098039215685626e-01 3.882352941176471783e-01
9.000000000000000222e-01 6.823529411764706065e-01 3.764705882352942234e-01
9.000000000000000222e-01 6.901960784313725394e-01 3.647058823529412130e-01
9.000000000000000222e-01 6.980392156862744724e-01 3.529411764705882582e-01
9.000000000000000222e-01 7.058823529411764053e-01 3.411764705882353588e-01
9.000000000000000222e-01 7.137254901960784492e-01 3.294117647058824039e-01
9.000000000000000222e-01 7.215686274509803821e-01 3.176470588235294490e-01
9.000000000000000222e-01 7.294117647058823151e-01 3.058823529411765496e-01
9.000000000000000222e-01 7.372549019607841370e-01 2.941176470588239278e-01
9.000000000000000222e-01 7.450980392156862919e-01 2.823529411764705843e-01
9.000000000000000222e-01 7.529411764705882248e-01 2.705882352941175739e-01
9.000000000000000222e-01 7.607843137254901578e-01 2.588235294117646745e-01
9.000000000000000222e-01 7.686274509803922017e-01 2.470588235294117752e-01
9.000000000000000222e-01 7.764705882352941346e-01 2.352941176470587648e-01
9.000000000000000222e-01 7.843137254901961786e-01 2.235294117647058654e-01
9.000000000000000222e-01 7.921568627450981115e-01 2.117647058823529660e-01
9.000000000000000222e-01 8.000000000000000444e-01 1.999999999999999556e-01
9.019607843137255054e-01 8.039215686274510109e-01 2.156862745098039325e-01
9.039215686274509887e-01 8.078431372549019773e-01 2.313725490196078538e-01
9.058823529411764719e-01 8.117647058823529438e-01 2.470588235294117752e-01
9.078431372549019551e-01 8.156862745098039102e-01 2.627450980392156965e-01
9.098039215686274384e-01 8.196078431372549877e-01 2.784313725490196179e-01
9.117647058823529216e-01 8.235294117647059542e-01 2.941176470588235392e-01
9.137254901960784048e-01 8.274509803921569207e-01 3.098039215686274606e-01
9.156862745098038880e-01 8.313725490196077761e-01 3.254901960784309378e-01
9.176470588235294823e-01 8.352941176470588536e-01 3.411764705882353033e-01
9.196078431372549655e-01 8.392156862745098200e-01 3.568627450980392246e-01
9.215686274509804488e-01 8.431372549019607865e-01 3.725490196078431460e-01
9.235294117647059320e-01 8.470588235294117530e-01 3.882352941176470673e-01
9.254901960784314152e-01 8.509803921568628304e-01 4.039215686274509887e-01
9.274509803921568984e-01 8.549019607843137969e-01 4.196078431372549655e-01
9.294117647058823817e-01 8.588235294117647634e-01 4.352941176470588314e-01
9.313725490196078649e-01 8.627450980392157298e-01 4.509803921568627527e-01
9.333333333333333481e-01 8.666666666666666963e-01 4.666666666666666741e-01
9.352941176470588314e-01 8.705882352941176627e-01 4.823529411764706509e-01
9.372549019607843146e-01 8.745098039215686292e-01 4.980392156862745168e-01
9.392156862745097978e-01 8.784313725490195957e-01 5.137254901960783826e-01
9.411764705882352811e-01 8.823529411764705621e-01 5.294117647058823595e-01
9.431372549019607643e-01 8.862745098039216396e-01 5.450980392156863363e-01
9.450980392156862475e-01 8.901960784313726061e-01 5.607843137254902022e-01
9.470588235294117307e-01 8.941176470588234615e-01 5.764705882352936239e-01
9.490196078431372140e-01 8.980392156862745390e-01 5.921568627450980449e-01
9.509803921568626972e-01 9.019607843137255054e-01 6.078431372549020217e-01
9.529411764705882915e-01 9.058823529411764719e-01 6.235294117647058876e-01
9.549019607843137747e-01 9.098039215686274384e-01 6.392156862745098644e-01
9.568627450980392579e-01 9.137254901960784048e-01 6.549019607843137303e-01
9.588235294117647411e-01 9.176470588235294823e-01 6.705882352941177071e-01
9.607843137254902244e-01 9.215686274509804488e-01 6.862745098039215730e-01
9.627450980392157076e-01 9.254901960784314152e-01 7.019607843137254388e-01
9.647058823529411908e-01 9.294117647058823817e-01 7.176470588235295267e-01
9.666666666666666741e-01 9.333333333333333481e-01 7.333333333333333925e-01
9.686274509803921573e-01 9.372549019607843146e-01 7.490196078431372584e-01
9.705882352941176405e-01 9.411764705882352811e-01 7.647058823529413463e-01
9.725490196078431238e-01 9.450980392156862475e-01 7.803921568627452121e-01
9.745098039215686070e-01 9.490196078431372140e-01 7.960784313725490779e-01
9.764705882352940902e-01 9.529411764705881804e-01 8.117647058823529438e-01
9.784313725490195734e-01 9.568627450980391469e-01 8.274509803921563655e-01
9.803921568627451677e-01 9.607843137254902244e-01 8.431372549019608975e-01
9.823529411764705399e-01 9.647058823529411908e-01 8.588235294117647634e-01
9.843137254901961342e-01 9.686274509803921573e-01 8.745098039215686292e-01
9.862745098039216174e-01 9.725490196078431238e-01 8.901960784313727171e-01
9.882352941176471006e-01 9.764705882352940902e-01 9.058823529411765829e-01
9.901960784313725839e-01 9.803921568627451677e-01 9.215686274509804488e-01
9.921568627450980671e-01 9.843137254901961342e-01 9.372549019607843146e-01
9.941176470588235503e-01 9.882352941176471006e-01 9.529411764705881804e-01
9.960784313725490335e-01 9.921568627450980671e-01 9.686274509803922683e-01
9.980392156862745168e-01 9.960784313725490335e-01 9.843137254901961342e-01
1.000000000000000000e+00 1.000000000000000000e+00 1.000000000000000000e+00
