1.000000000000000056e-01 2.999999999999999889e-01 2.000000000000000111e-01
1.062745098039215713e-01 3.003137254901960818e-01 2.078431372549019718e-01
1.125490196078431371e-01 3.006274509803921191e-01 2.156862745098039325e-01
1.188235294117647167e-01 3.009411764705882120e-01 2.235294117647058931e-01
1.250980392156862964e-01 3.012549019607843048e-01 2.313725490196078538e-01
1.313725490196078483e-01 3.015686274509803977e-01 2.392156862745098145e-01
1.376470588235294279e-01 3.018823529411764350e-01 2.470588235294117752e-01
1.439215686274509798e-01 3.021960784313725279e-01 2.549019607843137081e-01
1.501960784313725594e-01 3.025098039215686208e-01 2.627450980392156965e-01
1.564705882352941391e-01 3.028235294117647136e-01 2.705882352941176294e-01
1.627450980392156910e-01 3.031372549019607510e-01 2.784313725490196179e-01
1.690196078431372428e-01 3.034509803921568438e-01 2.862745098039215508e-01
1.752941176470588225e-01 3.037647058823529367e-01 2.941176470588235392e-01
1.815686274509804021e-01 3.040784313725490295e-01 3.019607843137254721e-01
1.878431372549019818e-01 3.043921568627450669e-01 3.098039215686274606e-01
1.941176470588235337e-01 3.047058823529411598e-01 3.176470588235293935e-01
2.003921568627451133e-01 3.050196078431372526e-01 3.254901960784313264e-01
2.066666666666666652e-01 3.053333333333333455e-01 3.333333333333333148e-01
2.129411764705882448e-01 3.056470588235293828e-01 3.411764705882353033e-01
2.192156862745098245e-01 3.059607843137254757e-01 3.490196078431372362e-01
2.254901960784313764e-01 3.062745098039215685e-01 3.568627450980391691e-01
2.317647058823529560e-01 3.065882352941176614e-01 3.647058823529411575e-01
2.380392156862745079e-01 3.069019607843136987e-01 3.725490196078431460e-01
2.443137254901960875e-01 3.072156862745097916e-01 3.803921568627450789e-01
2.505882352941176672e-01 3.075294117647058845e-01 3.882352941176470118e-01
2.568627450980391913e-01 3.078431372549019773e-01 3.960784313725490002e-01
2.631372549019608265e-01 3.081568627450980147e-01 4.039215686274509887e-01
2.694117647058823506e-01 3.084705882352941075e-01 4.117647058823529216e-01
2.756862745098039302e-01 3.087843137254902004e-01 4.196078431372548545e-01
2.819607843137255099e-01 3.090980392156862933e-01 4.274509803921568429e-01
2.882352941176470340e-01 3.094117647058823306e-01 4.352941176470588314e-01
2.945098039215686692e-01 3.097254901960784235e-01 4.431372549019607643e-01
3.007843137254901933e-01 3.100392156862745163e-01 4.509803921568626972e-01
3.070588235294117174e-01 3.103529411764706092e-01 4.588235294117646301e-01
3.133333333333333526e-01 3.106666666666666465e-01 4.666666666666666186e-01
3.196078431372549322e-01 3.109803921568627394e-01 4.745098039215686070e-01
3.258823529411765119e-01 3.112941176470588323e-01 4.823529411764705399e-01
3.321568627450980360e-01 3.116078431372549251e-01 4.901960784313724728e-01
3.384313725490196156e-01 3.119215686274509625e-01 4.980392156862744613e-01
3.447058823529411953e-01 3.122352941176470553e-01 5.058823529411764497e-01
3.509803921568627194e-01 3.125490196078431482e-01 5.137254901960783826e-01
3.572549019607843546e-01 3.128627450980392410e-01 5.215686274509803155e-01
3.635294117647058787e-01 3.131764705882352784e-01 5.294117647058822484e-01
3.698039215686275138e-01 3.134901960784313713e-01 5.372549019607842924e-01
3.760784313725490380e-01 3.138039215686274641e-01 5.450980392156862253e-01
3.823529411764705621e-01 3.141176470588235015e-01 5.529411764705881582e-01
3.886274509803921973e-01 3.144313725490195943e-01 5.607843137254902022e-01
3.949019607843137214e-01 3.147450980392156872e-01 5.686274509803921351e-01
4.011764705882353566e-01 3.150588235294117800e-01 5.764705882352940680e-01
4.074509803921568807e-01 3.153725490196078729e-01 5.843137254901960009e-01
4.137254901960784048e-01 3.156862745098039102e-01 5.921568627450979339e-01
4.200000000000000400e-01 3.160000000000000031e-01 5.999999999999999778e-01
4.262745098039215641e-01 3.163137254901960960e-01 6.078431372549019107e-01
4.325490196078430882e-01 3.166274509803921333e-01 6.156862745098038436e-01
4.388235294117647234e-01 3.169411764705882262e-01 6.235294117647058876e-01
4.450980392156863585e-01 3.172549019607843190e-01 6.313725490196078205e-01
4.513725490196078827e-01 3.175686274509804119e-01 6.392156862745097534e-01
4.576470588235294068e-01 3.178823529411764492e-01 6.470588235294116863e-01
4.639215686274510420e-01 3.181960784313725421e-01 6.549019607843136193e-01
4.701960784313725661e-01 3.185098039215686350e-01 6.627450980392156632e-01
4.764705882352940902e-01 3.188235294117647278e-01 6.705882352941175961e-01
4.827450980392157254e-01 3.191372549019607652e-01 6.784313725490195290e-01
4.890196078431372495e-01 3.194509803921568580e-01 6.862745098039215730e-01
4.952941176470588847e-01 3.197647058823529509e-01 6.941176470588235059e-01
5.015686274509804088e-01 3.201176470588235623e-01 7.003921568627450300e-01
5.078431372549019329e-01 3.205882352941176738e-01 7.019607843137254388e-01
5.141176470588234571e-01 3.210588235294117854e-01 7.035294117647058476e-01
5.203921568627450922e-01 3.215294117647058969e-01 7.050980392156862564e-01
5.266666666666666163e-01 3.220000000000000084e-01 7.066666666666666652e-01
5.329411764705882515e-01 3.224705882352941200e-01 7.082352941176470740e-01
5.392156862745097756e-01 3.229411764705882315e-01 7.098039215686273717e-01
5.454901960784314108e-01 3.234117647058823430e-01 7.113725490196077805e-01
5.517647058823529349e-01 3.238823529411764546e-01 7.129411764705881893e-01
5.580392156862745701e-01 3.243529411764705661e-01 7.145098039215685981e-01
5.643137254901959832e-01 3.248235294117646776e-01 7.160784313725490069e-01
5.705882352941176183e-01 3.252941176470588447e-01 7.176470588235294157e-01
5.768627450980392535e-01 3.257647058823529562e-01 7.192156862745098245e-01
5.831372549019607776e-01 3.262352941176470678e-01 7.207843137254901222e-01
5.894117647058823017e-01 3.267058823529411793e-01 7.223529411764705310e-01
5.956862745098039369e-01 3.271764705882352908e-01 7.239215686274509398e-01
6.019607843137254610e-01 3.276470588235294024e-01 7.254901960784313486e-01
6.082352941176470962e-01 3.281176470588235139e-01 7.270588235294117574e-01
6.145098039215685093e-01 3.285882352941176254e-01 7.286274509803921662e-01
6.207843137254902555e-01 3.290588235294117370e-01 7.301960784313725750e-01
6.270588235294117796e-01 3.295294117647059040e-01 7.317647058823528727e-01
6.333333333333333037e-01 3.300000000000000155e-01 7.333333333333332815e-01
6.396078431372549389e-01 3.304705882352941271e-01 7.349019607843136903e-01
6.458823529411764630e-01 3.309411764705882386e-01 7.364705882352940991e-01
6.521568627450979871e-01 3.314117647058823501e-01 7.380392156862745079e-01
6.584313725490196223e-01 3.318823529411764617e-01 7.396078431372549167e-01
6.647058823529410354e-01 3.323529411764705732e-01 7.411764705882352144e-01
6.709803921568627816e-01 3.328235294117646847e-01 7.427450980392156232e-01
6.772549019607843057e-01 3.332941176470587963e-01 7.443137254901960320e-01
6.835294117647059409e-01 3.337647058823529078e-01 7.458823529411764408e-01
6.898039215686274650e-01 3.342352941176470749e-01 7.474509803921568496e-01
6.960784313725489891e-01 3.347058823529411864e-01 7.490196078431372584e-01
7.023529411764706243e-01 3.351764705882352979e-01 7.505882352941176672e-01
7.086274509803921484e-01 3.356470588235294095e-01 7.521568627450980760e-01
7.149019607843136725e-01 3.361176470588235210e-01 7.537254901960783737e-01
7.211764705882353077e-01 3.365882352941176325e-01 7.552941176470587825e-01
7.274509803921568318e-01 3.370588235294117441e-01 7.568627450980391913e-01
7.337254901960784670e-01 3.375294117647058556e-01 7.584313725490196001e-01
7.399999999999999911e-01 3.379999999999999671e-01 7.600000000000000089e-01
7.462745098039216263e-01 3.384705882352940787e-01 7.615686274509804177e-01
7.525490196078431504e-01 3.389411764705882457e-01 7.631372549019608265e-01
7.588235294117646745e-01 3.394117647058823573e-01 7.647058823529412352e-01
7.650980392156861987e-01 3.398823529411764688e-01 7.662745098039215330e-01
7.713725490196079448e-01 3.403529411764705803e-01 7.678431372549019418e-01
7.776470588235293580e-01 3.408235294117646919e-01 7.694117647058823506e-01
7.839215686274509931e-01 3.412941176470588034e-01 7.709803921568627594e-01
7.901960784313726283e-01 3.417647058823529149e-01 7.725490196078431682e-01
7.964705882352941524e-01 3.422352941176470265e-01 7.741176470588235770e-01
8.027450980392156765e-01 3.427058823529411380e-01 7.756862745098039857e-01
8.090196078431373117e-01 3.431764705882353050e-01 7.772549019607843945e-01
8.152941176470587248e-01 3.436470588235294166e-01 7.788235294117646923e-01
8.215686274509803599e-01 3.441176470588235281e-01 7.803921568627451011e-01
8.278431372549019951e-01 3.445882352941176396e-01 7.819607843137255099e-01
8.341176470588236302e-01 3.450588235294117512e-01 7.835294117647059187e-01
8.403921568627450434e-01 3.455294117647058627e-01 7.850980392156863275e-01
8.466666666666666785e-01 3.459999999999999742e-01 7.866666666666667362e-01
8.529411764705883137e-01 3.464705882352940858e-01 7.882352941176471450e-01
8.592156862745098378e-01 3.469411764705881973e-01 7.898039215686274428e-01
8.654901960784313619e-01 3.474117647058823088e-01 7.913725490196078516e-01
8.717647058823529971e-01 3.478823529411764759e-01 7.929411764705882604e-01
8.780392156862745212e-01 3.483529411764705874e-01 7.945098039215686692e-01
8.843137254901960453e-01 3.488235294117646990e-01 7.960784313725490779e-01
8.905882352941176805e-01 3.492941176470588105e-01 7.976470588235294867e-01
8.968627450980393156e-01 3.497647058823529220e-01 7.992156862745098955e-01
8.997647058823529109e-01 3.533725490196077956e-01 7.952941176470588180e-01
8.992941176470587994e-01 3.601176470588234868e-01 7.858823529411764763e-01
8.988235294117646879e-01 3.668627450980391780e-01 7.764705882352941346e-01
8.983529411764705763e-01 3.736078431372548692e-01 7.670588235294117929e-01
8.978823529411764648e-01 3.803529411764703938e-01 7.576470588235296733e-01
8.974117647058823533e-01 3.870980392156862515e-01 7.482352941176471095e-01
8.969411764705882417e-01 3.938431372549019427e-01 7.388235294117647678e-01
8.964705882352941302e-01 4.005882352941176339e-01 7.294117647058824261e-01
8.960000000000000187e-01 4.073333333333333250e-01 7.199999999999999734e-01
8.955294117647059071e-01 4.140784313725490162e-01 7.105882352941176316e-01
8.950588235294117956e-01 4.208235294117647074e-01 7.011764705882352899e-01
8.945882352941176840e-01 4.275686274509803431e-01 6.917647058823529482e-01
8.941176470588235725e-01 4.343137254901960898e-01 6.823529411764706065e-01
8.936470588235294610e-01 4.410588235294117254e-01 6.729411764705882648e-01
8.931764705882353494e-01 4.478039215686274721e-01 6.635294117647059231e-01
8.927058823529412379e-01 4.545490196078431078e-01 6.541176470588235814e-01
8.922352941176471264e-01 4.612941176470588545e-01 6.447058823529412397e-01
8.917647058823529038e-01 4.680392156862744901e-01 6.352941176470587870e-01
8.912941176470587923e-01 4.747843137254901813e-01 6.258823529411764452e-01
8.908235294117646808e-01 4.815294117647058725e-01 6.164705882352941035e-01
8.903529411764705692e-01 4.882745098039213971e-01 6.070588235294120949e-01
8.898823529411764577e-01 4.950196078431372548e-01 5.976470588235294201e-01
8.894117647058823461e-01 5.017647058823528905e-01 5.882352941176470784e-01
8.889411764705882346e-01 5.085098039215686372e-01 5.788235294117647367e-01
8.884705882352941231e-01 5.152549019607843839e-01 5.694117647058822840e-01
8.880000000000000115e-01 5.220000000000000195e-01 5.600000000000000533e-01
8.875294117647059000e-01 5.287450980392156552e-01 5.505882352941176006e-01
8.870588235294117885e-01 5.354901960784314019e-01 5.411764705882353699e-01
8.865882352941176769e-01 5.422352941176470376e-01 5.317647058823529171e-01
8.861176470588235654e-01 5.489803921568627842e-01 5.223529411764705754e-01
8.856470588235294539e-01 5.557254901960784199e-01 5.129411764705882337e-01
8.851764705882353423e-01 5.624705882352941666e-01 5.035294117647058920e-01
8.847058823529412308e-01 5.692156862745098023e-01 4.941176470588235503e-01
8.842352941176471193e-01 5.759607843137255490e-01 4.847058823529411531e-01
8.837647058823528967e-01 5.827058823529411846e-01 4.752941176470588669e-01
8.832941176470587852e-01 5.894509803921568203e-01 4.658823529411764697e-01
8.828235294117646736e-01 5.961960784313723449e-01 4.564705882352944055e-01
8.823529411764705621e-01 6.029411764705883137e-01 4.470588235294117307e-01
8.818823529411764506e-01 6.096862745098039493e-01 4.376470588235294445e-01
8.814117647058823390e-01 6.164313725490195850e-01 4.282352941176470473e-01
8.809411764705882275e-01 6.231764705882352207e-01 4.188235294117647056e-01
8.804705882352941160e-01 6.299215686274510784e-01 4.094117647058823084e-01
8.800000000000000044e-01 6.366666666666667140e-01 4.000000000000000222e-01
8.795294117647058929e-01 6.434117647058823497e-01 3.905882352941176250e-01
8.790588235294117814e-01 6.501568627450979854e-01 3.811764705882352833e-01
8.785882352941176698e-01 6.569019607843137321e-01 3.717647058823528861e-01
8.781176470588235583e-01 6.636470588235294787e-01 3.623529411764705999e-01
8.776470588235294468e-01 6.703921568627451144e-01 3.529411764705882026e-01
8.771764705882353352e-01 6.771372549019607501e-01 3.435294117647058609e-01
8.767058823529412237e-01 6.838823529411764968e-01 3.341176470588235192e-01
8.762352941176471122e-01 6.906274509803921324e-01 3.247058823529411775e-01
8.757647058823528896e-01 6.973725490196078791e-01 3.152941176470587803e-01
8.752941176470588891e-01 7.041176470588232927e-01 3.058823529411767161e-01
8.748235294117646665e-01 7.108627450980392615e-01 2.964705882352940414e-01
8.743529411764705550e-01 7.176078431372548971e-01 2.870588235294118107e-01
8.738823529411764435e-01 7.243529411764706438e-01 2.776470588235293580e-01
8.734117647058823319e-01 7.310980392156862795e-01 2.682352941176470162e-01
8.729411764705882204e-01 7.378431372549019152e-01 2.588235294117646745e-01
8.724705882352941089e-01 7.445882352941176618e-01 2.494117647058823328e-01
8.719999999999999973e-01 7.513333333333334085e-01 2.399999999999999911e-01
8.715294117647058858e-01 7.580784313725490442e-01 2.305882352941176494e-01
8.710588235294117743e-01 7.648235294117646799e-01 2.211764705882351967e-01
8.705882352941176627e-01 7.715686274509804266e-01 2.117647058823529660e-01
8.701176470588235512e-01 7.783137254901961732e-01 2.023529411764705133e-01
8.715294117647058858e-01 7.825882352941176956e-01 2.094117647058823528e-01
8.735686274509804061e-01 7.860392156862745505e-01 2.219607843137255121e-01
8.756078431372549264e-01 7.894901960784314054e-01 2.345098039215686436e-01
8.776470588235294468e-01 7.929411764705882604e-01 2.470588235294117752e-01
8.796862745098038561e-01 7.963921568627450043e-01 2.596078431372545459e-01
8.817254901960783764e-01 7.998431372549019702e-01 2.721568627450980382e-01
8.837647058823528967e-01 8.032941176470588251e-01 2.847058823529411975e-01
8.858039215686274170e-01 8.067450980392156801e-01 2.972549019607843013e-01
8.878431372549019374e-01 8.101960784313725350e-01 3.098039215686274606e-01
8.898823529411764577e-01 8.136470588235293899e-01 3.223529411764706198e-01
8.919215686274509780e-01 8.170980392156863559e-01 3.349019607843137791e-01
8.939607843137254983e-01 8.205490196078432108e-01 3.474509803921568829e-01
8.960000000000000187e-01 8.240000000000000657e-01 3.600000000000000422e-01
8.980392156862745390e-01 8.274509803921569207e-01 3.725490196078431460e-01
9.000784313725490593e-01 8.309019607843137756e-01 3.850980392156863052e-01
9.021176470588234686e-01 8.343529411764706305e-01 3.976470588235294645e-01
9.041568627450979889e-01 8.378039215686274854e-01 4.101960784313725683e-01
9.061960784313725092e-01 8.412549019607843404e-01 4.227450980392157276e-01
9.082352941176470296e-01 8.447058823529411953e-01 4.352941176470588314e-01
9.102745098039215499e-01 8.481568627450980502e-01 4.478431372549019907e-01
9.123137254901960702e-01 8.516078431372547941e-01 4.603921568627447614e-01
9.143529411764705905e-01 8.550588235294117601e-01 4.729411764705882537e-01
9.163921568627451109e-01 8.585098039215686150e-01 4.854901960784314130e-01
9.184313725490196312e-01 8.619607843137254699e-01 4.980392156862745168e-01
9.204705882352941515e-01 8.654117647058823248e-01 5.105882352941176761e-01
9.225098039215686718e-01 8.688627450980392908e-01 5.231372549019608353e-01
9.245490196078431921e-01 8.723137254901960347e-01 5.356862745098038836e-01
9.265882352941176014e-01 8.757647058823530006e-01 5.482352941176471539e-01
9.286274509803921218e-01 8.792156862745098556e-01 5.607843137254902022e-01
9.306666666666666421e-01 8.826666666666667105e-01 5.733333333333333615e-01
9.327058823529411624e-01 8.861176470588235654e-01 5.858823529411765207e-01
9.347450980392156827e-01 8.895686274509804203e-01 5.984313725490195690e-01
9.367843137254902031e-01 8.930196078431372753e-01 6.109803921568627283e-01
9.388235294117647234e-01 8.964705882352941302e-01 6.235294117647058876e-01
9.408627450980392437e-01 8.999215686274509851e-01 6.360784313725489358e-01
9.429019607843137640e-01 9.033725490196078400e-01 6.486274509803922061e-01
9.449411764705881733e-01 9.068235294117645839e-01 6.611764705882349213e-01
9.469803921568626937e-01 9.102745098039215499e-01 6.737254901960785247e-01
9.490196078431372140e-01 9.137254901960784048e-01 6.862745098039215730e-01
9.510588235294117343e-01 9.171764705882352597e-01 6.988235294117647323e-01
9.530980392156862546e-01 9.206274509803921147e-01 7.113725490196078916e-01
9.551372549019607749e-01 9.240784313725489696e-01 7.239215686274509398e-01
9.571764705882352953e-01 9.275294117647059355e-01 7.364705882352942101e-01
9.592156862745098156e-01 9.309803921568627905e-01 7.490196078431372584e-01
9.612549019607843359e-01 9.344313725490196454e-01 7.615686274509803066e-01
9.632941176470588562e-01 9.378823529411765003e-01 7.741176470588235770e-01
9.653333333333333766e-01 9.413333333333333552e-01 7.866666666666666252e-01
9.673725490196078969e-01 9.447843137254902102e-01 7.992156862745098955e-01
9.694117647058823062e-01 9.482352941176470651e-01 8.117647058823529438e-01
9.714509803921568265e-01 9.516862745098039200e-01 8.243137254901962141e-01
9.734901960784313468e-01 9.551372549019607749e-01 8.368627450980392624e-01
9.755294117647058671e-01 9.585882352941176299e-01 8.494117647058823106e-01
9.775686274509802764e-01 9.620392156862743738e-01 8.619607843137251368e-01
9.796078431372549078e-01 9.654901960784313397e-01 8.745098039215686292e-01
9.816470588235294281e-01 9.689411764705881946e-01 8.870588235294116775e-01
9.836862745098039484e-01 9.723921568627451606e-01 8.996078431372549478e-01
9.857254901960784688e-01 9.758431372549019045e-01 9.121568627450979960e-01
9.877647058823529891e-01 9.792941176470588704e-01 9.247058823529412663e-01
9.898039215686273984e-01 9.827450980392156143e-01 9.372549019607843146e-01
9.918431372549019187e-01 9.861960784313725803e-01 9.498039215686275849e-01
9.938823529411764390e-01 9.896470588235294352e-01 9.623529411764706332e-01
9.959215686274509594e-01 9.930980392156862901e-01 9.749019607843136814e-01
9.979607843137254797e-01 9.965490196078431451e-01 9.874509803921569517e-01
1.000000000000000000e+00 1.000000000000000000e+00 1.000000000000000000e+00
