0.000000000000000000e+00 2.999999999999999889e-01 2.999999999999999889e-01
7.843137254901960675e-03 3.007843137254901933e-01 3.062745098039215685e-01
1.568627450980392135e-02 3.015686274509803977e-01 3.125490196078431482e-01
2.352941176470588203e-02 3.023529411764706021e-01 3.188235294117646723e-01
3.137254901960784270e-02 3.031372549019607510e-01 3.250980392156862520e-01
3.921568627450980338e-02 3.039215686274509554e-01 3.313725490196078316e-01
4.705882352941176405e-02 3.047058823529411598e-01 3.376470588235294112e-01
5.490196078431372473e-02 3.054901960784313641e-01 3.439215686274509354e-01
6.274509803921568540e-02 3.062745098039215685e-01 3.501960784313725150e-01
7.058823529411764608e-02 3.070588235294117729e-01 3.564705882352940947e-01
7.843137254901960675e-02 3.078431372549019218e-01 3.627450980392156743e-01
8.627450980392156743e-02 3.086274509803921262e-01 3.690196078431372539e-01
9.411764705882352811e-02 3.094117647058823306e-01 3.752941176470587781e-01
1.019607843137254888e-01 3.101960784313725350e-01 3.815686274509803577e-01
1.098039215686274495e-01 3.109803921568627394e-01 3.878431372549019374e-01
1.176470588235294101e-01 3.117647058823529438e-01 3.941176470588235170e-01
1.254901960784313708e-01 3.125490196078431482e-01 4.003921568627450966e-01
1.333333333333333315e-01 3.133333333333332971e-01 4.066666666666666208e-01
1.411764705882352922e-01 3.141176470588235015e-01 4.129411764705882004e-01
1.490196078431372528e-01 3.149019607843137059e-01 4.192156862745097801e-01
1.568627450980392135e-01 3.156862745098039102e-01 4.254901960784313597e-01
1.647058823529411742e-01 3.164705882352941146e-01 4.317647058823529393e-01
1.725490196078431349e-01 3.172549019607843190e-01 4.380392156862744635e-01
1.803921568627450955e-01 3.180392156862744679e-01 4.443137254901960431e-01
1.882352941176470562e-01 3.188235294117646723e-01 4.505882352941176228e-01
1.960784313725490169e-01 3.196078431372548767e-01 4.568627450980392024e-01
2.039215686274509776e-01 3.203921568627450811e-01 4.631372549019607820e-01
2.117647058823529382e-01 3.211764705882352855e-01 4.694117647058823062e-01
2.196078431372548989e-01 3.219607843137254899e-01 4.756862745098038858e-01
2.274509803921568596e-01 3.227450980392156943e-01 4.819607843137254655e-01
2.352941176470588203e-01 3.235294117647058432e-01 4.882352941176469896e-01
2.431372549019607809e-01 3.243137254901960476e-01 4.945098039215686248e-01
2.509803921568627416e-01 3.250980392156862520e-01 5.007843137254901489e-01
2.588235294117646745e-01 3.258823529411764564e-01 5.070588235294116730e-01
2.666666666666666630e-01 3.266666666666666607e-01 5.133333333333333082e-01
2.745098039215686514e-01 3.274509803921568651e-01 5.196078431372548323e-01
2.823529411764705843e-01 3.282352941176470695e-01 5.258823529411764675e-01
2.901960784313725172e-01 3.290196078431372184e-01 5.321568627450979916e-01
2.980392156862745057e-01 3.298039215686274228e-01 5.384313725490195157e-01
3.058823529411764941e-01 3.305882352941176272e-01 5.447058823529411509e-01
3.137254901960784270e-01 3.313725490196078316e-01 5.509803921568627860e-01
3.215686274509803599e-01 3.321568627450980360e-01 5.572549019607841991e-01
3.294117647058823484e-01 3.329411764705882404e-01 5.635294117647058343e-01
3.372549019607843368e-01 3.337254901960784448e-01 5.698039215686274694e-01
3.450980392156862697e-01 3.345098039215685937e-01 5.760784313725489936e-01
3.529411764705882026e-01 3.352941176470587981e-01 5.823529411764705177e-01
3.607843137254901911e-01 3.360784313725490025e-01 5.886274509803921529e-01
3.686274509803921795e-01 3.368627450980392068e-01 5.949019607843137880e-01
3.764705882352941124e-01 3.376470588235294112e-01 6.011764705882352011e-01
3.843137254901960453e-01 3.384313725490195601e-01 6.074509803921568363e-01
3.921568627450980338e-01 3.392156862745097645e-01 6.137254901960784714e-01
4.000000000000000222e-01 3.399999999999999689e-01 6.199999999999999956e-01
4.078431372549019551e-01 3.407843137254901733e-01 6.262745098039215197e-01
4.156862745098038880e-01 3.415686274509803777e-01 6.325490196078431548e-01
4.235294117647058765e-01 3.423529411764705821e-01 6.388235294117646790e-01
4.313725490196078649e-01 3.431372549019607865e-01 6.450980392156862031e-01
4.392156862745097978e-01 3.439215686274509354e-01 6.513725490196078383e-01
4.470588235294117307e-01 3.447058823529411398e-01 6.576470588235293624e-01
4.549019607843137192e-01 3.454901960784313442e-01 6.639215686274508865e-01
4.627450980392157076e-01 3.462745098039215486e-01 6.701960784313725217e-01
4.705882352941176405e-01 3.470588235294117530e-01 6.764705882352940458e-01
4.784313725490195734e-01 3.478431372549019573e-01 6.827450980392155699e-01
4.862745098039215619e-01 3.486274509803921617e-01 6.890196078431372051e-01
4.941176470588235503e-01 3.494117647058823106e-01 6.952941176470588402e-01
5.015686274509804088e-01 3.501960784313725150e-01 7.003921568627450300e-01
5.078431372549019329e-01 3.509803921568627194e-01 7.019607843137254388e-01
5.141176470588234571e-01 3.517647058823529238e-01 7.035294117647058476e-01
5.203921568627450922e-01 3.525490196078431282e-01 7.050980392156862564e-01
5.266666666666666163e-01 3.533333333333333326e-01 7.066666666666666652e-01
5.329411764705882515e-01 3.541176470588235370e-01 7.082352941176470740e-01
5.392156862745097756e-01 3.549019607843136859e-01 7.098039215686273717e-01
5.454901960784314108e-01 3.556862745098038903e-01 7.113725490196077805e-01
5.517647058823529349e-01 3.564705882352940947e-01 7.129411764705881893e-01
5.580392156862745701e-01 3.572549019607842991e-01 7.145098039215685981e-01
5.643137254901959832e-01 3.580392156862745034e-01 7.160784313725490069e-01
5.705882352941176183e-01 3.588235294117647078e-01 7.176470588235294157e-01
5.768627450980392535e-01 3.596078431372549122e-01 7.192156862745098245e-01
5.831372549019607776e-01 3.603921568627450611e-01 7.207843137254901222e-01
5.894117647058823017e-01 3.611764705882352655e-01 7.223529411764705310e-01
5.956862745098039369e-01 3.619607843137254699e-01 7.239215686274509398e-01
6.019607843137254610e-01 3.627450980392156743e-01 7.254901960784313486e-01
6.082352941176470962e-01 3.635294117647058787e-01 7.270588235294117574e-01
6.145098039215685093e-01 3.643137254901960831e-01 7.286274509803921662e-01
6.207843137254902555e-01 3.650980392156862875e-01 7.301960784313725750e-01
6.270588235294117796e-01 3.658823529411764364e-01 7.317647058823528727e-01
6.333333333333333037e-01 3.666666666666666408e-01 7.333333333333332815e-01
6.396078431372549389e-01 3.674509803921568452e-01 7.349019607843136903e-01
6.458823529411764630e-01 3.682352941176470495e-01 7.364705882352940991e-01
6.521568627450979871e-01 3.690196078431372539e-01 7.380392156862745079e-01
6.584313725490196223e-01 3.698039215686274583e-01 7.396078431372549167e-01
6.647058823529410354e-01 3.705882352941176072e-01 7.411764705882352144e-01
6.709803921568627816e-01 3.713725490196078116e-01 7.427450980392156232e-01
6.772549019607843057e-01 3.721568627450980160e-01 7.443137254901960320e-01
6.835294117647059409e-01 3.729411764705882204e-01 7.458823529411764408e-01
6.898039215686274650e-01 3.737254901960784248e-01 7.474509803921568496e-01
6.960784313725489891e-01 3.745098039215686292e-01 7.490196078431372584e-01
7.023529411764706243e-01 3.752941176470588336e-01 7.505882352941176672e-01
7.086274509803921484e-01 3.760784313725490380e-01 7.521568627450980760e-01
7.149019607843136725e-01 3.768627450980391869e-01 7.537254901960783737e-01
7.211764705882353077e-01 3.776470588235293913e-01 7.552941176470587825e-01
7.274509803921568318e-01 3.784313725490195957e-01 7.568627450980391913e-01
7.337254901960784670e-01 3.792156862745098000e-01 7.584313725490196001e-01
7.399999999999999911e-01 3.800000000000000044e-01 7.600000000000000089e-01
7.462745098039216263e-01 3.807843137254902088e-01 7.615686274509804177e-01
7.525490196078431504e-01 3.815686274509804132e-01 7.631372549019608265e-01
7.588235294117646745e-01 3.823529411764706176e-01 7.647058823529412352e-01
7.650980392156861987e-01 3.831372549019607665e-01 7.662745098039215330e-01
7.713725490196079448e-01 3.839215686274509709e-01 7.678431372549019418e-01
7.776470588235293580e-01 3.847058823529411753e-01 7.694117647058823506e-01
7.839215686274509931e-01 3.854901960784313797e-01 7.709803921568627594e-01
7.901960784313726283e-01 3.862745098039215841e-01 7.725490196078431682e-01
7.964705882352941524e-01 3.870588235294117885e-01 7.741176470588235770e-01
8.027450980392156765e-01 3.878431372549019929e-01 7.756862745098039857e-01
8.090196078431373117e-01 3.886274509803921973e-01 7.772549019607843945e-01
8.152941176470587248e-01 3.894117647058823461e-01 7.788235294117646923e-01
8.215686274509803599e-01 3.901960784313725505e-01 7.803921568627451011e-01
8.278431372549019951e-01 3.909803921568627549e-01 7.819607843137255099e-01
8.341176470588236302e-01 3.917647058823529593e-01 7.835294117647059187e-01
8.403921568627450434e-01 3.925490196078431637e-01 7.850980392156863275e-01
8.466666666666666785e-01 3.933333333333333681e-01 7.866666666666667362e-01
8.529411764705883137e-01 3.941176470588235725e-01 7.882352941176471450e-01
8.592156862745098378e-01 3.949019607843137214e-01 7.898039215686274428e-01
8.654901960784313619e-01 3.956862745098039258e-01 7.913725490196078516e-01
8.717647058823529971e-01 3.964705882352941302e-01 7.929411764705882604e-01
8.780392156862745212e-01 3.972549019607843346e-01 7.945098039215686692e-01
8.843137254901960453e-01 3.980392156862745390e-01 7.960784313725490779e-01
8.905882352941176805e-01 3.988235294117647434e-01 7.976470588235294867e-01
8.968627450980393156e-01 3.996078431372549478e-01 7.992156862745098955e-01
9.000000000000000222e-01 4.031372549019607843e-01 7.952941176470588180e-01
9.000000000000000222e-01 4.094117647058823639e-01 7.858823529411764763e-01
9.000000000000000222e-01 4.156862745098039436e-01 7.764705882352941346e-01
9.000000000000000222e-01 4.219607843137255232e-01 7.670588235294117929e-01
9.000000000000000222e-01 4.282352941176468808e-01 7.576470588235296733e-01
9.000000000000000222e-01 4.345098039215686270e-01 7.482352941176471095e-01
9.000000000000000222e-01 4.407843137254902066e-01 7.388235294117647678e-01
9.000000000000000222e-01 4.470588235294117863e-01 7.294117647058824261e-01
9.000000000000000222e-01 4.533333333333333659e-01 7.199999999999999734e-01
9.000000000000000222e-01 4.596078431372549455e-01 7.105882352941176316e-01
9.000000000000000222e-01 4.658823529411765252e-01 7.011764705882352899e-01
9.000000000000000222e-01 4.721568627450980493e-01 6.917647058823529482e-01
9.000000000000000222e-01 4.784313725490196290e-01 6.823529411764706065e-01
9.000000000000000222e-01 4.847058823529412086e-01 6.729411764705882648e-01
9.000000000000000222e-01 4.909803921568627882e-01 6.635294117647059231e-01
9.000000000000000222e-01 4.972549019607843679e-01 6.541176470588235814e-01
9.000000000000000222e-01 5.035294117647058920e-01 6.447058823529412397e-01
9.000000000000000222e-01 5.098039215686275272e-01 6.352941176470587870e-01
9.000000000000000222e-01 5.160784313725490513e-01 6.258823529411764452e-01
9.000000000000000222e-01 5.223529411764706865e-01 6.164705882352941035e-01
9.000000000000000222e-01 5.286274509803919885e-01 6.070588235294120949e-01
9.000000000000000222e-01 5.349019607843137347e-01 5.976470588235294201e-01
9.000000000000000222e-01 5.411764705882353699e-01 5.882352941176470784e-01
9.000000000000000222e-01 5.474509803921568940e-01 5.788235294117647367e-01
9.000000000000000222e-01 5.537254901960784181e-01 5.694117647058822840e-01
9.000000000000000222e-01 5.600000000000000533e-01 5.600000000000000533e-01
9.000000000000000222e-01 5.662745098039215774e-01 5.505882352941176006e-01
9.000000000000000222e-01 5.725490196078432126e-01 5.411764705882353699e-01
9.000000000000000222e-01 5.788235294117647367e-01 5.317647058823529171e-01
9.000000000000000222e-01 5.850980392156863719e-01 5.223529411764705754e-01
9.000000000000000222e-01 5.913725490196078960e-01 5.129411764705882337e-01
9.000000000000000222e-01 5.976470588235294201e-01 5.035294117647058920e-01
9.000000000000000222e-01 6.039215686274510553e-01 4.941176470588235503e-01
9.000000000000000222e-01 6.101960784313725794e-01 4.847058823529411531e-01
9.000000000000000222e-01 6.164705882352941035e-01 4.752941176470588669e-01
9.000000000000000222e-01 6.227450980392157387e-01 4.658823529411764697e-01
9.000000000000000222e-01 6.290196078431371518e-01 4.564705882352944055e-01
9.000000000000000222e-01 6.352941176470588980e-01 4.470588235294117307e-01
9.000000000000000222e-01 6.415686274509804221e-01 4.376470588235294445e-01
9.000000000000000222e-01 6.478431372549020573e-01 4.282352941176470473e-01
9.000000000000000222e-01 6.541176470588234704e-01 4.188235294117647056e-01
9.000000000000000222e-01 6.603921568627451055e-01 4.094117647058823084e-01
9.000000000000000222e-01 6.666666666666667407e-01 4.000000000000000222e-01
9.000000000000000222e-01 6.729411764705882648e-01 3.905882352941176250e-01
9.000000000000000222e-01 6.792156862745097889e-01 3.811764705882352833e-01
9.000000000000000222e-01 6.854901960784314241e-01 3.717647058823528861e-01
9.000000000000000222e-01 6.917647058823529482e-01 3.623529411764705999e-01
9.000000000000000222e-01 6.980392156862744724e-01 3.529411764705882026e-01
9.000000000000000222e-01 7.043137254901961075e-01 3.435294117647058609e-01
9.000000000000000222e-01 7.105882352941177427e-01 3.341176470588235192e-01
9.000000000000000222e-01 7.168627450980392668e-01 3.247058823529411775e-01
9.000000000000000222e-01 7.231372549019607909e-01 3.152941176470587803e-01
9.000000000000000222e-01 7.294117647058822040e-01 3.058823529411767161e-01
9.000000000000000222e-01 7.356862745098039502e-01 2.964705882352940414e-01
9.000000000000000222e-01 7.419607843137254743e-01 2.870588235294118107e-01
9.000000000000000222e-01 7.482352941176471095e-01 2.776470588235293580e-01
9.000000000000000222e-01 7.545098039215686336e-01 2.682352941176470162e-01
9.000000000000000222e-01 7.607843137254902688e-01 2.588235294117646745e-01
9.000000000000000222e-01 7.670588235294117929e-01 2.494117647058823328e-01
9.000000000000000222e-01 7.733333333333334281e-01 2.399999999999999911e-01
9.000000000000000222e-01 7.796078431372549522e-01 2.305882352941176494e-01
9.000000000000000222e-01 7.858823529411764763e-01 2.211764705882351967e-01
9.000000000000000222e-01 7.921568627450981115e-01 2.117647058823529660e-01
9.000000000000000222e-01 7.984313725490196356e-01 2.023529411764705133e-01
9.011764705882353566e-01 8.023529411764706021e-01 2.094117647058823528e-01
9.027450980392156543e-01 8.054901960784314197e-01 2.219607843137255121e-01
9.043137254901960631e-01 8.086274509803922372e-01 2.345098039215686436e-01
9.058823529411764719e-01 8.117647058823529438e-01 2.470588235294117752e-01
9.074509803921568807e-01 8.149019607843136503e-01 2.596078431372545459e-01
9.090196078431372895e-01 8.180392156862745789e-01 2.721568627450980382e-01
9.105882352941176983e-01 8.211764705882352855e-01 2.847058823529411975e-01
9.121568627450981070e-01 8.243137254901961031e-01 2.972549019607843013e-01
9.137254901960784048e-01 8.274509803921569207e-01 3.098039215686274606e-01
9.152941176470588136e-01 8.305882352941177382e-01 3.223529411764706198e-01
9.168627450980392224e-01 8.337254901960784448e-01 3.349019607843137791e-01
9.184313725490196312e-01 8.368627450980392624e-01 3.474509803921568829e-01
9.200000000000000400e-01 8.400000000000000799e-01 3.600000000000000422e-01
9.215686274509804488e-01 8.431372549019607865e-01 3.725490196078431460e-01
9.231372549019607465e-01 8.462745098039216041e-01 3.850980392156863052e-01
9.247058823529411553e-01 8.494117647058824216e-01 3.976470588235294645e-01
9.262745098039215641e-01 8.525490196078431282e-01 4.101960784313725683e-01
9.278431372549019729e-01 8.556862745098039458e-01 4.227450980392157276e-01
9.294117647058823817e-01 8.588235294117647634e-01 4.352941176470588314e-01
9.309803921568627905e-01 8.619607843137255809e-01 4.478431372549019907e-01
9.325490196078430882e-01 8.650980392156861765e-01 4.603921568627447614e-01
9.341176470588234970e-01 8.682352941176471051e-01 4.729411764705882537e-01
9.356862745098039058e-01 8.713725490196078116e-01 4.854901960784314130e-01
9.372549019607843146e-01 8.745098039215686292e-01 4.980392156862745168e-01
9.388235294117647234e-01 8.776470588235294468e-01 5.105882352941176761e-01
9.403921568627451322e-01 8.807843137254902643e-01 5.231372549019608353e-01
9.419607843137255410e-01 8.839215686274509709e-01 5.356862745098038836e-01
9.435294117647059498e-01 8.870588235294117885e-01 5.482352941176471539e-01
9.450980392156862475e-01 8.901960784313726061e-01 5.607843137254902022e-01
9.466666666666666563e-01 8.933333333333333126e-01 5.733333333333333615e-01
9.482352941176470651e-01 8.964705882352941302e-01 5.858823529411765207e-01
9.498039215686274739e-01 8.996078431372549478e-01 5.984313725490195690e-01
9.513725490196078827e-01 9.027450980392156543e-01 6.109803921568627283e-01
9.529411764705882915e-01 9.058823529411764719e-01 6.235294117647058876e-01
9.545098039215685892e-01 9.090196078431372895e-01 6.360784313725489358e-01
9.560784313725489980e-01 9.121568627450981070e-01 6.486274509803922061e-01
9.576470588235294068e-01 9.152941176470587026e-01 6.611764705882349213e-01
9.592156862745098156e-01 9.184313725490196312e-01 6.737254901960785247e-01
9.607843137254902244e-01 9.215686274509804488e-01 6.862745098039215730e-01
9.623529411764706332e-01 9.247058823529411553e-01 6.988235294117647323e-01
9.639215686274509309e-01 9.278431372549019729e-01 7.113725490196078916e-01
9.654901960784313397e-01 9.309803921568627905e-01 7.239215686274509398e-01
9.670588235294117485e-01 9.341176470588234970e-01 7.364705882352942101e-01
9.686274509803921573e-01 9.372549019607843146e-01 7.490196078431372584e-01
9.701960784313725661e-01 9.403921568627451322e-01 7.615686274509803066e-01
9.717647058823529749e-01 9.435294117647059498e-01 7.741176470588235770e-01
9.733333333333333837e-01 9.466666666666666563e-01 7.866666666666666252e-01
9.749019607843136814e-01 9.498039215686274739e-01 7.992156862745098955e-01
9.764705882352940902e-01 9.529411764705881804e-01 8.117647058823529438e-01
9.780392156862744990e-01 9.560784313725489980e-01 8.243137254901962141e-01
9.796078431372549078e-01 9.592156862745098156e-01 8.368627450980392624e-01
9.811764705882353166e-01 9.623529411764706332e-01 8.494117647058823106e-01
9.827450980392156143e-01 9.654901960784312287e-01 8.619607843137251368e-01
9.843137254901961342e-01 9.686274509803921573e-01 8.745098039215686292e-01
9.858823529411764319e-01 9.717647058823529749e-01 8.870588235294116775e-01
9.874509803921568407e-01 9.749019607843136814e-01 8.996078431372549478e-01
9.890196078431372495e-01 9.780392156862744990e-01 9.121568627450979960e-01
9.905882352941176583e-01 9.811764705882353166e-01 9.247058823529412663e-01
9.921568627450980671e-01 9.843137254901961342e-01 9.372549019607843146e-01
9.937254901960784759e-01 9.874509803921568407e-01 9.498039215686275849e-01
9.952941176470587736e-01 9.905882352941176583e-01 9.623529411764706332e-01
9.968627450980391824e-01 9.937254901960783648e-01 9.749019607843136814e-01
9.984313725490195912e-01 9.968627450980391824e-01 9.874509803921569517e-01
1.000000000000000000e+00 1.000000000000000000e+00 1.000000000000000000e+00
