1.000000000000000000e+00 1.000000000000000000e+00 6.999999999999999556e-01
9.921568627450980671e-01 9.981960784313725910e-01 6.992156862745098067e-01
9.843137254901961342e-01 9.963921568627450709e-01 6.984313725490195468e-01
9.764705882352940902e-01 9.945882352941176618e-01 6.976470588235293979e-01
9.686274509803921573e-01 9.927843137254901418e-01 6.968627450980391380e-01
9.607843137254902244e-01 9.909803921568627327e-01 6.960784313725489891e-01
9.529411764705881804e-01 9.891764705882353237e-01 6.952941176470587292e-01
9.450980392156862475e-01 9.873725490196078036e-01 6.945098039215685803e-01
9.372549019607843146e-01 9.855686274509803946e-01 6.937254901960784315e-01
9.294117647058823817e-01 9.837647058823529855e-01 6.929411764705881716e-01
9.215686274509804488e-01 9.819607843137254655e-01 6.921568627450980227e-01
9.137254901960784048e-01 9.801568627450980564e-01 6.913725490196077628e-01
9.058823529411764719e-01 9.783529411764706474e-01 6.905882352941176139e-01
8.980392156862745390e-01 9.765490196078431273e-01 6.898039215686273540e-01
8.901960784313724950e-01 9.747450980392157183e-01 6.890196078431372051e-01
8.823529411764705621e-01 9.729411764705881982e-01 6.882352941176470562e-01
8.745098039215686292e-01 9.711372549019607892e-01 6.874509803921567963e-01
8.666666666666666963e-01 9.693333333333333801e-01 6.866666666666666474e-01
8.588235294117647634e-01 9.675294117647058600e-01 6.858823529411763875e-01
8.509803921568627194e-01 9.657254901960784510e-01 6.850980392156862386e-01
8.431372549019607865e-01 9.639215686274509309e-01 6.843137254901960898e-01
8.352941176470588536e-01 9.621176470588235219e-01 6.835294117647058298e-01
8.274509803921568096e-01 9.603137254901961128e-01 6.827450980392156810e-01
8.196078431372548767e-01 9.585098039215685928e-01 6.819607843137254211e-01
8.117647058823529438e-01 9.567058823529411837e-01 6.811764705882352722e-01
8.039215686274510109e-01 9.549019607843137747e-01 6.803921568627450123e-01
7.960784313725490779e-01 9.530980392156862546e-01 6.796078431372548634e-01
7.882352941176470340e-01 9.512941176470588456e-01 6.788235294117647145e-01
7.803921568627451011e-01 9.494901960784313255e-01 6.780392156862744546e-01
7.725490196078431682e-01 9.476862745098039165e-01 6.772549019607843057e-01
7.647058823529411242e-01 9.458823529411765074e-01 6.764705882352940458e-01
7.568627450980391913e-01 9.440784313725489874e-01 6.756862745098038969e-01
7.490196078431372584e-01 9.422745098039215783e-01 6.749019607843136370e-01
7.411764705882353255e-01 9.404705882352941693e-01 6.741176470588234881e-01
7.333333333333333925e-01 9.386666666666666492e-01 6.733333333333333393e-01
7.254901960784313486e-01 9.368627450980392402e-01 6.725490196078430793e-01
7.176470588235294157e-01 9.350588235294117201e-01 6.717647058823529305e-01
7.098039215686274828e-01 9.332549019607843110e-01 6.709803921568626706e-01
7.019607843137254388e-01 9.314509803921569020e-01 6.701960784313725217e-01
6.941176470588235059e-01 9.296470588235293819e-01 6.694117647058822618e-01
6.862745098039215730e-01 9.278431372549019729e-01 6.686274509803921129e-01
6.784313725490196401e-01 9.260392156862745638e-01 6.678431372549019640e-01
6.705882352941177071e-01 9.242352941176470438e-01 6.670588235294117041e-01
6.627450980392156632e-01 9.224313725490196347e-01 6.662745098039215552e-01
6.549019607843137303e-01 9.206274509803922257e-01 6.654901960784312953e-01
6.470588235294117974e-01 9.188235294117647056e-01 6.647058823529411464e-01
6.392156862745097534e-01 9.170196078431372966e-01 6.639215686274508865e-01
6.313725490196078205e-01 9.152156862745097765e-01 6.631372549019607376e-01
6.235294117647058876e-01 9.134117647058823675e-01 6.623529411764705888e-01
6.156862745098039547e-01 9.116078431372549584e-01 6.615686274509803289e-01
6.078431372549020217e-01 9.098039215686274384e-01 6.607843137254901800e-01
5.999999999999999778e-01 9.080000000000000293e-01 6.599999999999999201e-01
5.921568627450980449e-01 9.061960784313725092e-01 6.592156862745097712e-01
5.843137254901961120e-01 9.043921568627451002e-01 6.584313725490196223e-01
5.764705882352940680e-01 9.025882352941176912e-01 6.576470588235293624e-01
5.686274509803921351e-01 9.007843137254901711e-01 6.568627450980392135e-01
5.607843137254902022e-01 8.989803921568627620e-01 6.560784313725489536e-01
5.529411764705882693e-01 8.971764705882353530e-01 6.552941176470588047e-01
5.450980392156863363e-01 8.953725490196078329e-01 6.545098039215685448e-01
5.372549019607842924e-01 8.935686274509804239e-01 6.537254901960783959e-01
5.294117647058823595e-01 8.917647058823529038e-01 6.529411764705882470e-01
5.215686274509804266e-01 8.899607843137254948e-01 6.521568627450979871e-01
5.137254901960783826e-01 8.881568627450980857e-01 6.513725490196078383e-01
5.058823529411764497e-01 8.863529411764705657e-01 6.505882352941175784e-01
4.980392156862745168e-01 8.845490196078431566e-01 6.498039215686274295e-01
4.901960784313725839e-01 8.827450980392157476e-01 6.490196078431371696e-01
4.823529411764706509e-01 8.809411764705882275e-01 6.482352941176470207e-01
4.745098039215686070e-01 8.791372549019608185e-01 6.474509803921568718e-01
4.666666666666666741e-01 8.773333333333332984e-01 6.466666666666666119e-01
4.588235294117647411e-01 8.755294117647058894e-01 6.458823529411764630e-01
4.509803921568626972e-01 8.737254901960784803e-01 6.450980392156862031e-01
4.431372549019607643e-01 8.719215686274509602e-01 6.443137254901960542e-01
4.352941176470588314e-01 8.701176470588235512e-01 6.435294117647059053e-01
4.274509803921568984e-01 8.683137254901960311e-01 6.427450980392156454e-01
4.196078431372549655e-01 8.665098039215686221e-01 6.419607843137254966e-01
4.117647058823529216e-01 8.647058823529412130e-01 6.411764705882352366e-01
4.039215686274509887e-01 8.629019607843138040e-01 6.403921568627450878e-01
3.960784313725490557e-01 8.610980392156862839e-01 6.396078431372548279e-01
3.882352941176470118e-01 8.592941176470587639e-01 6.388235294117646790e-01
3.803921568627450789e-01 8.574901960784313548e-01 6.380392156862744191e-01
3.725490196078431460e-01 8.556862745098039458e-01 6.372549019607842702e-01
3.647058823529412130e-01 8.538823529411765367e-01 6.364705882352941213e-01
3.568627450980392801e-01 8.520784313725490167e-01 6.356862745098038614e-01
3.490196078431372362e-01 8.502745098039216076e-01 6.349019607843137125e-01
3.411764705882353033e-01 8.484705882352940876e-01 6.341176470588234526e-01
3.333333333333333703e-01 8.466666666666666785e-01 6.333333333333333037e-01
3.254901960784313264e-01 8.448627450980392695e-01 6.325490196078431548e-01
3.176470588235293935e-01 8.430588235294117494e-01 6.317647058823528949e-01
3.098039215686274606e-01 8.412549019607843404e-01 6.309803921568627461e-01
3.019607843137255276e-01 8.394509803921568203e-01 6.301960784313724862e-01
2.941176470588235947e-01 8.376470588235294112e-01 6.294117647058823373e-01
2.862745098039215508e-01 8.358431372549020022e-01 6.286274509803921884e-01
2.784313725490196179e-01 8.340392156862745932e-01 6.278431372549019285e-01
2.705882352941176849e-01 8.322352941176470731e-01 6.270588235294117796e-01
2.627450980392156410e-01 8.304313725490195530e-01 6.262745098039215197e-01
2.549019607843137081e-01 8.286274509803921440e-01 6.254901960784313708e-01
2.470588235294117752e-01 8.268235294117647349e-01 6.247058823529411109e-01
2.392156862745098422e-01 8.250196078431373259e-01 6.239215686274509620e-01
2.313725490196079093e-01 8.232156862745098058e-01 6.231372549019607021e-01
2.235294117647058654e-01 8.214117647058823968e-01 6.223529411764705532e-01
2.156862745098039325e-01 8.196078431372548767e-01 6.215686274509804043e-01
2.078431372549019995e-01 8.178039215686274677e-01 6.207843137254901444e-01
1.999999999999999556e-01 8.160000000000000586e-01 6.199999999999999956e-01
1.921568627450980227e-01 8.141960784313725386e-01 6.192156862745097357e-01
1.843137254901960898e-01 8.123921568627451295e-01 6.184313725490195868e-01
1.764705882352941568e-01 8.105882352941176094e-01 6.176470588235294379e-01
1.686274509803922239e-01 8.087843137254902004e-01 6.168627450980391780e-01
1.607843137254901800e-01 8.069803921568627914e-01 6.160784313725490291e-01
1.529411764705882470e-01 8.051764705882352713e-01 6.152941176470587692e-01
1.450980392156863141e-01 8.033725490196078622e-01 6.145098039215686203e-01
1.372549019607842702e-01 8.015686274509803422e-01 6.137254901960783604e-01
1.294117647058823373e-01 7.997647058823529331e-01 6.129411764705882115e-01
1.215686274509804043e-01 7.979607843137255241e-01 6.121568627450980626e-01
1.137254901960784714e-01 7.961568627450981150e-01 6.113725490196078027e-01
1.058823529411765385e-01 7.943529411764705950e-01 6.105882352941176539e-01
9.803921568627449457e-02 7.925490196078431859e-01 6.098039215686273939e-01
9.019607843137256165e-02 7.907450980392156659e-01 6.090196078431372451e-01
8.235294117647062873e-02 7.889411764705882568e-01 6.082352941176469852e-01
7.450980392156858478e-02 7.871372549019608478e-01 6.074509803921568363e-01
6.666666666666665186e-02 7.853333333333333277e-01 6.066666666666666874e-01
5.882352941176471894e-02 7.835294117647059187e-01 6.058823529411764275e-01
5.098039215686278602e-02 7.817254901960783986e-01 6.050980392156862786e-01
4.313725490196085310e-02 7.799215686274509896e-01 6.043137254901960187e-01
3.529411764705880916e-02 7.781176470588235805e-01 6.035294117647058698e-01
2.745098039215687624e-02 7.763137254901960604e-01 6.027450980392157209e-01
1.960784313725494332e-02 7.745098039215686514e-01 6.019607843137254610e-01
1.176470588235289938e-02 7.727058823529411313e-01 6.011764705882353121e-01
3.921568627450966460e-03 7.709019607843137223e-01 6.003921568627450522e-01
1.176470588235294015e-03 7.685490196078431646e-01 6.011764705882353121e-01
3.529411764705882044e-03 7.656470588235294583e-01 6.035294117647058698e-01
5.882352941176470507e-03 7.627450980392157520e-01 6.058823529411764275e-01
8.235294117647057668e-03 7.598431372549019347e-01 6.082352941176469852e-01
1.058823529411758065e-02 7.569411764705883394e-01 6.105882352941175428e-01
1.294117647058823546e-02 7.540392156862745221e-01 6.129411764705882115e-01
1.529411764705882262e-02 7.511372549019608158e-01 6.152941176470587692e-01
1.764705882352941152e-02 7.482352941176471095e-01 6.176470588235294379e-01
2.000000000000000042e-02 7.453333333333334032e-01 6.199999999999999956e-01
2.235294117647058584e-02 7.424313725490195859e-01 6.223529411764705532e-01
2.470588235294117474e-02 7.395294117647058796e-01 6.247058823529411109e-01
2.705882352941176364e-02 7.366274509803921733e-01 6.270588235294117796e-01
2.941176470588235253e-02 7.337254901960784670e-01 6.294117647058823373e-01
3.176470588235293796e-02 7.308235294117647607e-01 6.317647058823528949e-01
3.411764705882353033e-02 7.279215686274509434e-01 6.341176470588235636e-01
3.647058823529411575e-02 7.250196078431372371e-01 6.364705882352941213e-01
3.882352941176470812e-02 7.221176470588235308e-01 6.388235294117646790e-01
4.117647058823529355e-02 7.192156862745098245e-01 6.411764705882352366e-01
4.352941176470588591e-02 7.163137254901961182e-01 6.435294117647059053e-01
4.588235294117647134e-02 7.134117647058824119e-01 6.458823529411764630e-01
4.823529411764699432e-02 7.105098039215687056e-01 6.482352941176470207e-01
5.058823529411764913e-02 7.076078431372548883e-01 6.505882352941176894e-01
5.294117647058823456e-02 7.047058823529411820e-01 6.529411764705882470e-01
5.529411764705882693e-02 7.018039215686274757e-01 6.552941176470588047e-01
5.764705882352941235e-02 6.989019607843137694e-01 6.576470588235293624e-01
5.999999999999999778e-02 6.960000000000000631e-01 6.600000000000000311e-01
6.235294117647059015e-02 6.930980392156862457e-01 6.623529411764705888e-01
6.470588235294118251e-02 6.901960784313725394e-01 6.647058823529411464e-01
6.705882352941176794e-02 6.872941176470588331e-01 6.670588235294117041e-01
6.941176470588235337e-02 6.843921568627451268e-01 6.694117647058823728e-01
7.176470588235293879e-02 6.814901960784314205e-01 6.717647058823529305e-01
7.411764705882352422e-02 6.785882352941177142e-01 6.741176470588234881e-01
7.647058823529410965e-02 6.756862745098040079e-01 6.764705882352941568e-01
7.882352941176470895e-02 6.727843137254901906e-01 6.788235294117647145e-01
8.117647058823528050e-02 6.698823529411764843e-01 6.811764705882352722e-01
8.352941176470587981e-02 6.669803921568627780e-01 6.835294117647058298e-01
8.588235294117639584e-02 6.640784313725491828e-01 6.858823529411763875e-01
8.823529411764706454e-02 6.611764705882352544e-01 6.882352941176470562e-01
9.058823529411763609e-02 6.582745098039215481e-01 6.905882352941176139e-01
9.294117647058823539e-02 6.553725490196078418e-01 6.929411764705881716e-01
9.529411764705882082e-02 6.524705882352941355e-01 6.952941176470588402e-01
9.764705882352940625e-02 6.495686274509804292e-01 6.976470588235293979e-01
9.999999999999999167e-02 6.466666666666667229e-01 6.999999999999999556e-01
1.023529411764705910e-01 6.437647058823530166e-01 7.023529411764706243e-01
1.047058823529411625e-01 6.408627450980393103e-01 7.047058823529411820e-01
1.070588235294117618e-01 6.379607843137254930e-01 7.070588235294117396e-01
1.094117647058823473e-01 6.350588235294117867e-01 7.094117647058822973e-01
1.117647058823529466e-01 6.321568627450980804e-01 7.117647058823529660e-01
1.141176470588235181e-01 6.292549019607843741e-01 7.141176470588235237e-01
1.164705882352941174e-01 6.263529411764705568e-01 7.164705882352940813e-01
1.188235294117646890e-01 6.234509803921568505e-01 7.188235294117646390e-01
1.211764705882352883e-01 6.205490196078431442e-01 7.211764705882353077e-01
1.235294117647058043e-01 6.176470588235295489e-01 7.235294117647057544e-01
1.258823529411764730e-01 6.147450980392157316e-01 7.258823529411764230e-01
1.282352941176470584e-01 6.118431372549020253e-01 7.282352941176470917e-01
1.305882352941176439e-01 6.089411764705883190e-01 7.305882352941176494e-01
1.329411764705882293e-01 6.060392156862745017e-01 7.329411764705882071e-01
1.352941176470588147e-01 6.031372549019607954e-01 7.352941176470588758e-01
1.376470588235294001e-01 6.002352941176470891e-01 7.376470588235294334e-01
1.399999999999999856e-01 5.973333333333333828e-01 7.399999999999999911e-01
1.423529411764705710e-01 5.944313725490196765e-01 7.423529411764705488e-01
1.447058823529411842e-01 5.915294117647058592e-01 7.447058823529412175e-01
1.470588235294117418e-01 5.886274509803921529e-01 7.470588235294117752e-01
1.494117647058823550e-01 5.857254901960784466e-01 7.494117647058823328e-01
1.517647058823529405e-01 5.828235294117647403e-01 7.517647058823528905e-01
1.541176470588234981e-01 5.799215686274510340e-01 7.541176470588235592e-01
1.564705882352941113e-01 5.770196078431373277e-01 7.564705882352941169e-01
1.588235294117646967e-01 5.741176470588235103e-01 7.588235294117646745e-01
1.611764705882352267e-01 5.712156862745099151e-01 7.611764705882352322e-01
1.635294117647058676e-01 5.683137254901960977e-01 7.635294117647059009e-01
1.658823529411764808e-01 5.654117647058823914e-01 7.658823529411764586e-01
1.682352941176470662e-01 5.625098039215686851e-01 7.682352941176471273e-01
1.705882352941176239e-01 5.596078431372548678e-01 7.705882352941176849e-01
1.729411764705882093e-01 5.567058823529411615e-01 7.729411764705882426e-01
1.752941176470588225e-01 5.538039215686274552e-01 7.752941176470588003e-01
1.776470588235294079e-01 5.509019607843137489e-01 7.776470588235293580e-01
1.799999999999999933e-01 5.480000000000000426e-01 7.800000000000000266e-01
1.823529411764705788e-01 5.450980392156863363e-01 7.823529411764705843e-01
1.847058823529411919e-01 5.421960784313725190e-01 7.847058823529411420e-01
1.870588235294117496e-01 5.392941176470588127e-01 7.870588235294118107e-01
1.894117647058823350e-01 5.363921568627451064e-01 7.894117647058823684e-01
1.917647058823529205e-01 5.334901960784314001e-01 7.917647058823529260e-01
1.941176470588235337e-01 5.305882352941176938e-01 7.941176470588235947e-01
1.964705882352941191e-01 5.276862745098038765e-01 7.964705882352941524e-01
1.988235294117646212e-01 5.247843137254902812e-01 7.988235294117645990e-01
2.011764705882352622e-01 5.218823529411764639e-01 8.011764705882352677e-01
2.035294117647058754e-01 5.189803921568627576e-01 8.035294117647059364e-01
2.058823529411764608e-01 5.160784313725490513e-01 8.058823529411764941e-01
2.082352941176470462e-01 5.131764705882353450e-01 8.082352941176470518e-01
2.105882352941176316e-01 5.102745098039216387e-01 8.105882352941176094e-01
2.129411764705882448e-01 5.073725490196079324e-01 8.129411764705882781e-01
2.152941176470588303e-01 5.044705882352941151e-01 8.152941176470588358e-01
2.176470588235293879e-01 5.015686274509804088e-01 8.176470588235293935e-01
2.199999999999999734e-01 4.986666666666667025e-01 8.200000000000000622e-01
2.223529411764705865e-01 4.957647058823529407e-01 8.223529411764706198e-01
2.247058823529411720e-01 4.928627450980392344e-01 8.247058823529411775e-01
2.270588235294117574e-01 4.899607843137255281e-01 8.270588235294117352e-01
2.294117647058823151e-01 4.870588235294118218e-01 8.294117647058822929e-01
2.317647058823529282e-01 4.841568627450980600e-01 8.317647058823529616e-01
2.341176470588235137e-01 4.812549019607843537e-01 8.341176470588235192e-01
2.364705882352940436e-01 4.783529411764707029e-01 8.364705882352940769e-01
2.388235294117646845e-01 4.754509803921568856e-01 8.388235294117647456e-01
2.411764705882352977e-01 4.725490196078431238e-01 8.411764705882353033e-01
2.435294117647058831e-01 4.696470588235294175e-01 8.435294117647058609e-01
2.458823529411764408e-01 4.667450980392157112e-01 8.458823529411765296e-01
2.482352941176470262e-01 4.638431372549020049e-01 8.482352941176470873e-01
2.505882352941176672e-01 4.609411764705882431e-01 8.505882352941176450e-01
2.529411764705882248e-01 4.580392156862745368e-01 8.529411764705883137e-01
2.552941176470587825e-01 4.551372549019608305e-01 8.552941176470587603e-01
2.576470588235293957e-01 4.522352941176471242e-01 8.576470588235294290e-01
2.600000000000000089e-01 4.493333333333333623e-01 8.600000000000000977e-01
2.623529411764705666e-01 4.464313725490196560e-01 8.623529411764705443e-01
2.647058823529411797e-01 4.435294117647058942e-01 8.647058823529412130e-01
2.670588235294117374e-01 4.406274509803921879e-01 8.670588235294117707e-01
2.694117647058823506e-01 4.377254901960784261e-01 8.694117647058823284e-01
2.717647058823529083e-01 4.348235294117647198e-01 8.717647058823529971e-01
2.741176470588234659e-01 4.319215686274510690e-01 8.741176470588234437e-01
2.764705882352940791e-01 4.290196078431373072e-01 8.764705882352941124e-01
2.788235294117646923e-01 4.261176470588235454e-01 8.788235294117647811e-01
2.811764705882353055e-01 4.232156862745098391e-01 8.811764705882353388e-01
2.835294117647058632e-01 4.203137254901961328e-01 8.835294117647058965e-01
2.858823529411764208e-01 4.174117647058823710e-01 8.858823529411764541e-01
2.882352941176470340e-01 4.145098039215686647e-01 8.882352941176470118e-01
2.905882352941176472e-01 4.116078431372549029e-01 8.905882352941176805e-01
2.929411764705882049e-01 4.087058823529411966e-01 8.929411764705882382e-01
2.952941176470588180e-01 4.058039215686274903e-01 8.952941176470587958e-01
2.976470588235294312e-01 4.029019607843137285e-01 8.976470588235294645e-01
2.999999999999999889e-01 4.000000000000000222e-01 9.000000000000000222e-01
