0.000000000000000000e+00 2.000000000000000111e-01 2.000000000000000111e-01
1.568627450980392309e-03 2.023529411764705965e-01 2.031372549019608009e-01
3.137254901960784617e-03 2.047058823529411820e-01 2.062745098039215907e-01
4.705882352941176926e-03 2.070588235294117674e-01 2.094117647058823528e-01
6.274509803921569234e-03 2.094117647058823528e-01 2.125490196078431426e-01
7.843137254901960675e-03 2.117647058823529382e-01 2.156862745098039325e-01
9.411764705882353851e-03 2.141176470588235237e-01 2.188235294117647223e-01
1.098039215686274529e-02 2.164705882352941368e-01 2.219607843137255121e-01
1.254901960784313847e-02 2.188235294117647223e-01 2.250980392156862742e-01
1.411764705882352991e-02 2.211764705882353077e-01 2.282352941176470640e-01
1.568627450980392135e-02 2.235294117647058931e-01 2.313725490196078538e-01
1.725490196078431279e-02 2.258823529411764786e-01 2.345098039215686436e-01
1.882352941176470770e-02 2.282352941176470640e-01 2.376470588235294334e-01
2.039215686274509914e-02 2.305882352941176494e-01 2.407843137254901955e-01
2.196078431372549059e-02 2.329411764705882348e-01 2.439215686274509853e-01
2.352941176470588203e-02 2.352941176470588203e-01 2.470588235294117752e-01
2.509803921568627694e-02 2.376470588235294057e-01 2.501960784313725927e-01
2.666666666666666838e-02 2.399999999999999911e-01 2.533333333333333548e-01
2.823529411764705982e-02 2.423529411764706043e-01 2.564705882352941169e-01
2.980392156862745126e-02 2.447058823529411620e-01 2.596078431372549344e-01
3.137254901960784270e-02 2.470588235294117752e-01 2.627450980392156965e-01
3.294117647058823761e-02 2.494117647058823606e-01 2.658823529411764586e-01
3.450980392156862558e-02 2.517647058823529460e-01 2.690196078431372761e-01
3.607843137254902049e-02 2.541176470588235037e-01 2.721568627450980382e-01
3.764705882352941541e-02 2.564705882352941169e-01 2.752941176470588558e-01
3.921568627450980338e-02 2.588235294117646745e-01 2.784313725490196179e-01
4.078431372549019829e-02 2.611764705882352877e-01 2.815686274509804354e-01
4.235294117647059320e-02 2.635294117647059009e-01 2.847058823529411975e-01
4.392156862745098117e-02 2.658823529411764586e-01 2.878431372549019596e-01
4.549019607843137608e-02 2.682352941176470718e-01 2.909803921568627771e-01
4.705882352941176405e-02 2.705882352941176294e-01 2.941176470588235392e-01
4.862745098039215896e-02 2.729411764705882426e-01 2.972549019607843013e-01
5.019607843137255387e-02 2.752941176470588003e-01 3.003921568627451189e-01
5.176470588235293491e-02 2.776470588235294135e-01 3.035294117647058809e-01
5.333333333333333676e-02 2.800000000000000266e-01 3.066666666666666985e-01
5.490196078431373167e-02 2.823529411764705843e-01 3.098039215686274606e-01
5.647058823529411964e-02 2.847058823529411420e-01 3.129411764705882781e-01
5.803921568627450761e-02 2.870588235294117552e-01 3.160784313725490402e-01
5.960784313725490252e-02 2.894117647058823684e-01 3.192156862745098023e-01
6.117647058823530437e-02 2.917647058823529260e-01 3.223529411764706198e-01
6.274509803921568540e-02 2.941176470588234837e-01 3.254901960784313819e-01
6.431372549019608031e-02 2.964705882352940969e-01 3.286274509803921440e-01
6.588235294117647523e-02 2.988235294117647101e-01 3.317647058823529616e-01
6.745098039215687014e-02 3.011764705882352677e-01 3.349019607843137791e-01
6.901960784313725117e-02 3.035294117647058809e-01 3.380392156862744857e-01
7.058823529411764608e-02 3.058823529411764386e-01 3.411764705882353033e-01
7.215686274509804099e-02 3.082352941176470518e-01 3.443137254901961208e-01
7.372549019607843590e-02 3.105882352941176094e-01 3.474509803921568829e-01
7.529411764705883081e-02 3.129411764705882226e-01 3.505882352941176450e-01
7.686274509803921184e-02 3.152941176470587803e-01 3.537254901960784625e-01
7.843137254901960675e-02 3.176470588235293935e-01 3.568627450980392246e-01
8.000000000000001554e-02 3.200000000000000067e-01 3.600000000000000422e-01
8.156862745098039658e-02 3.223529411764705643e-01 3.631372549019608043e-01
8.313725490196077761e-02 3.247058823529411775e-01 3.662745098039215663e-01
8.470588235294118640e-02 3.270588235294117352e-01 3.694117647058823839e-01
8.627450980392158131e-02 3.294117647058823484e-01 3.725490196078431460e-01
8.784313725490196234e-02 3.317647058823529616e-01 3.756862745098039635e-01
8.941176470588235725e-02 3.341176470588235192e-01 3.788235294117647256e-01
9.098039215686275216e-02 3.364705882352940769e-01 3.819607843137254877e-01
9.254901960784314707e-02 3.388235294117646901e-01 3.850980392156863052e-01
9.411764705882352811e-02 3.411764705882353033e-01 3.882352941176470673e-01
9.568627450980392302e-02 3.435294117647058609e-01 3.913725490196078294e-01
9.725490196078431793e-02 3.458823529411764186e-01 3.945098039215686470e-01
9.882352941176471284e-02 3.482352941176470318e-01 3.976470588235294645e-01
1.015686274509804005e-01 3.505882352941176450e-01 4.011764705882353010e-01
1.078431372549019662e-01 3.529411764705882026e-01 4.058823529411764719e-01
1.141176470588234487e-01 3.552941176470587603e-01 4.105882352941175872e-01
1.203921568627450978e-01 3.576470588235293735e-01 4.152941176470588136e-01
1.266666666666666774e-01 3.599999999999999867e-01 4.200000000000000400e-01
1.329411764705882293e-01 3.623529411764705443e-01 4.247058823529412108e-01
1.392156862745098089e-01 3.647058823529411575e-01 4.294117647058823817e-01
1.454901960784313886e-01 3.670588235294117707e-01 4.341176470588235525e-01
1.517647058823529682e-01 3.694117647058823284e-01 4.388235294117647234e-01
1.580392156862745201e-01 3.717647058823529416e-01 4.435294117647058942e-01
1.643137254901960165e-01 3.741176470588234992e-01 4.482352941176470096e-01
1.705882352941176516e-01 3.764705882352941124e-01 4.529411764705882359e-01
1.768627450980392313e-01 3.788235294117646701e-01 4.576470588235294068e-01
1.831372549019608109e-01 3.811764705882352833e-01 4.623529411764705777e-01
1.894117647058823628e-01 3.835294117647058965e-01 4.670588235294117485e-01
1.956862745098039424e-01 3.858823529411764541e-01 4.717647058823529749e-01
2.019607843137254943e-01 3.882352941176470118e-01 4.764705882352940902e-01
2.082352941176470740e-01 3.905882352941176250e-01 4.811764705882353166e-01
2.145098039215685426e-01 3.929411764705881827e-01 4.858823529411764319e-01
2.207843137254902055e-01 3.952941176470587958e-01 4.905882352941176583e-01
2.270588235294117574e-01 3.976470588235294090e-01 4.952941176470588291e-01
2.333333333333333370e-01 3.999999999999999667e-01 5.000000000000000000e-01
2.396078431372549167e-01 4.023529411764705799e-01 5.047058823529411153e-01
2.458823529411764686e-01 4.047058823529411375e-01 5.094117647058823417e-01
2.521568627450980760e-01 4.070588235294117507e-01 5.141176470588235681e-01
2.584313725490196001e-01 4.094117647058823639e-01 5.188235294117646834e-01
2.647058823529411242e-01 4.117647058823529216e-01 5.235294117647057988e-01
2.709803921568627594e-01 4.141176470588234793e-01 5.282352941176470251e-01
2.772549019607842835e-01 4.164705882352940924e-01 5.329411764705882515e-01
2.835294117647059187e-01 4.188235294117647056e-01 5.376470588235293668e-01
2.898039215686274428e-01 4.211764705882352633e-01 5.423529411764705932e-01
2.960784313725490224e-01 4.235294117647058765e-01 5.470588235294117085e-01
3.023529411764706021e-01 4.258823529411764897e-01 5.517647058823529349e-01
3.086274509803921817e-01 4.282352941176470473e-01 5.564705882352940502e-01
3.149019607843136503e-01 4.305882352941176050e-01 5.611764705882351656e-01
3.211764705882352855e-01 4.329411764705882182e-01 5.658823529411765030e-01
3.274509803921568651e-01 4.352941176470588314e-01 5.705882352941176183e-01
3.337254901960784448e-01 4.376470588235293890e-01 5.752941176470588447e-01
3.399999999999999689e-01 4.400000000000000022e-01 5.799999999999999600e-01
3.462745098039216041e-01 4.423529411764706154e-01 5.847058823529411864e-01
3.525490196078431282e-01 4.447058823529411731e-01 5.894117647058823017e-01
3.588235294117647634e-01 4.470588235294117307e-01 5.941176470588235281e-01
3.650980392156861765e-01 4.494117647058822884e-01 5.988235294117646434e-01
3.713725490196079226e-01 4.517647058823529571e-01 6.035294117647058698e-01
3.776470588235294468e-01 4.541176470588235148e-01 6.082352941176469852e-01
3.839215686274509709e-01 4.564705882352941280e-01 6.129411764705882115e-01
3.901960784313726061e-01 4.588235294117646856e-01 6.176470588235294379e-01
3.964705882352941302e-01 4.611764705882352988e-01 6.223529411764705532e-01
4.027450980392156543e-01 4.635294117647058565e-01 6.270588235294116686e-01
4.090196078431372895e-01 4.658823529411764697e-01 6.317647058823528949e-01
4.152941176470587026e-01 4.682352941176470273e-01 6.364705882352940103e-01
4.215686274509804488e-01 4.705882352941176405e-01 6.411764705882352366e-01
4.278431372549019729e-01 4.729411764705881982e-01 6.458823529411764630e-01
4.341176470588236080e-01 4.752941176470588114e-01 6.505882352941176894e-01
4.403921568627451322e-01 4.776470588235294246e-01 6.552941176470588047e-01
4.466666666666666563e-01 4.799999999999999822e-01 6.599999999999999201e-01
4.529411764705882915e-01 4.823529411764705954e-01 6.647058823529411464e-01
4.592156862745098156e-01 4.847058823529412086e-01 6.694117647058823728e-01
4.654901960784313397e-01 4.870588235294117663e-01 6.741176470588234881e-01
4.717647058823529749e-01 4.894117647058823239e-01 6.788235294117646035e-01
4.780392156862744990e-01 4.917647058823529371e-01 6.835294117647058298e-01
4.843137254901961342e-01 4.941176470588235503e-01 6.882352941176470562e-01
4.905882352941176583e-01 4.964705882352941080e-01 6.929411764705881716e-01
4.968627450980392934e-01 4.988235294117647212e-01 6.976470588235293979e-01
5.039215686274509665e-01 5.000000000000000000e-01 7.023529411764705133e-01
5.117647058823528994e-01 5.000000000000000000e-01 7.070588235294117396e-01
5.196078431372549433e-01 5.000000000000000000e-01 7.117647058823528550e-01
5.274509803921568762e-01 5.000000000000000000e-01 7.164705882352940813e-01
5.352941176470585871e-01 5.000000000000000000e-01 7.211764705882350857e-01
5.431372549019607421e-01 5.000000000000000000e-01 7.258823529411764230e-01
5.509803921568627860e-01 5.000000000000000000e-01 7.305882352941176494e-01
5.588235294117647189e-01 5.000000000000000000e-01 7.352941176470587648e-01
5.666666666666666519e-01 5.000000000000000000e-01 7.399999999999999911e-01
5.745098039215685848e-01 5.000000000000000000e-01 7.447058823529411065e-01
5.823529411764706287e-01 5.000000000000000000e-01 7.494117647058823328e-01
5.901960784313725616e-01 5.000000000000000000e-01 7.541176470588234482e-01
5.980392156862744946e-01 5.000000000000000000e-01 7.588235294117646745e-01
6.058823529411764275e-01 5.000000000000000000e-01 7.635294117647057899e-01
6.137254901960784714e-01 5.000000000000000000e-01 7.682352941176470162e-01
6.215686274509804043e-01 5.000000000000000000e-01 7.729411764705882426e-01
6.294117647058823373e-01 5.000000000000000000e-01 7.776470588235293580e-01
6.372549019607842702e-01 5.000000000000000000e-01 7.823529411764705843e-01
6.450980392156863141e-01 5.000000000000000000e-01 7.870588235294116997e-01
6.529411764705882470e-01 5.000000000000000000e-01 7.917647058823529260e-01
6.607843137254899579e-01 5.000000000000000000e-01 7.964705882352939303e-01
6.686274509803922239e-01 5.000000000000000000e-01 8.011764705882352677e-01
6.764705882352941568e-01 5.000000000000000000e-01 8.058823529411764941e-01
6.843137254901960898e-01 5.000000000000000000e-01 8.105882352941176094e-01
6.921568627450980227e-01 5.000000000000000000e-01 8.152941176470588358e-01
6.999999999999999556e-01 5.000000000000000000e-01 8.199999999999999512e-01
7.078431372549019995e-01 5.000000000000000000e-01 8.247058823529411775e-01
7.156862745098039325e-01 5.000000000000000000e-01 8.294117647058822929e-01
7.235294117647058654e-01 5.000000000000000000e-01 8.341176470588235192e-01
7.313725490196079093e-01 5.000000000000000000e-01 8.388235294117647456e-01
7.392156862745098422e-01 5.000000000000000000e-01 8.435294117647058609e-01
7.470588235294117752e-01 5.000000000000000000e-01 8.482352941176469763e-01
7.549019607843137081e-01 5.000000000000000000e-01 8.529411764705882026e-01
7.627450980392156410e-01 5.000000000000000000e-01 8.576470588235294290e-01
7.705882352941175739e-01 5.000000000000000000e-01 8.623529411764705443e-01
7.784313725490196179e-01 5.000000000000000000e-01 8.670588235294117707e-01
7.862745098039213287e-01 5.000000000000000000e-01 8.717647058823527750e-01
7.941176470588235947e-01 5.000000000000000000e-01 8.764705882352941124e-01
8.019607843137255276e-01 5.000000000000000000e-01 8.811764705882352278e-01
8.098039215686274606e-01 5.000000000000000000e-01 8.858823529411764541e-01
8.176470588235293935e-01 5.000000000000000000e-01 8.905882352941176805e-01
8.254901960784313264e-01 5.000000000000000000e-01 8.952941176470587958e-01
8.333333333333332593e-01 5.000000000000000000e-01 8.999999999999999112e-01
8.411764705882353033e-01 5.000000000000000000e-01 9.047058823529411375e-01
8.490196078431372362e-01 5.000000000000000000e-01 9.094117647058823639e-01
8.568627450980392801e-01 5.000000000000000000e-01 9.141176470588234793e-01
8.647058823529412130e-01 5.000000000000000000e-01 9.188235294117647056e-01
8.725490196078431460e-01 5.000000000000000000e-01 9.235294117647059320e-01
8.803921568627450789e-01 5.000000000000000000e-01 9.282352941176470473e-01
8.882352941176470118e-01 5.000000000000000000e-01 9.329411764705881627e-01
8.960784313725489447e-01 5.000000000000000000e-01 9.376470588235293890e-01
9.039215686274509887e-01 5.000000000000000000e-01 9.423529411764706154e-01
9.117647058823526995e-01 5.000000000000000000e-01 9.470588235294116197e-01
9.196078431372549655e-01 5.000000000000000000e-01 9.517647058823529571e-01
9.274509803921568984e-01 5.000000000000000000e-01 9.564705882352940725e-01
9.352941176470588314e-01 5.000000000000000000e-01 9.611764705882352988e-01
9.431372549019607643e-01 5.000000000000000000e-01 9.658823529411764142e-01
9.509803921568626972e-01 5.000000000000000000e-01 9.705882352941176405e-01
9.588235294117646301e-01 5.000000000000000000e-01 9.752941176470588669e-01
9.666666666666666741e-01 5.000000000000000000e-01 9.799999999999999822e-01
9.745098039215686070e-01 5.000000000000000000e-01 9.847058823529410976e-01
9.823529411764706509e-01 5.000000000000000000e-01 9.894117647058824350e-01
9.901960784313725839e-01 5.000000000000000000e-01 9.941176470588235503e-01
9.980392156862745168e-01 5.000000000000000000e-01 9.988235294117646657e-01
1.000000000000000000e+00 5.058823529411764497e-01 1.000000000000000000e+00
1.000000000000000000e+00 5.137254901960783826e-01 1.000000000000000000e+00
1.000000000000000000e+00 5.215686274509804266e-01 1.000000000000000000e+00
1.000000000000000000e+00 5.294117647058823595e-01 1.000000000000000000e+00
1.000000000000000000e+00 5.372549019607840703e-01 1.000000000000000000e+00
1.000000000000000000e+00 5.450980392156862253e-01 1.000000000000000000e+00
1.000000000000000000e+00 5.529411764705882693e-01 1.000000000000000000e+00
1.000000000000000000e+00 5.607843137254902022e-01 1.000000000000000000e+00
1.000000000000000000e+00 5.686274509803921351e-01 1.000000000000000000e+00
1.000000000000000000e+00 5.764705882352940680e-01 1.000000000000000000e+00
1.000000000000000000e+00 5.843137254901961120e-01 1.000000000000000000e+00
1.000000000000000000e+00 5.921568627450980449e-01 1.000000000000000000e+00
1.000000000000000000e+00 5.999999999999999778e-01 1.000000000000000000e+00
1.000000000000000000e+00 6.078431372549020217e-01 1.000000000000000000e+00
1.000000000000000000e+00 6.156862745098039547e-01 1.000000000000000000e+00
1.000000000000000000e+00 6.235294117647058876e-01 1.000000000000000000e+00
1.000000000000000000e+00 6.313725490196078205e-01 1.000000000000000000e+00
1.000000000000000000e+00 6.392156862745097534e-01 1.000000000000000000e+00
1.000000000000000000e+00 6.470588235294117974e-01 1.000000000000000000e+00
1.000000000000000000e+00 6.549019607843137303e-01 1.000000000000000000e+00
1.000000000000000000e+00 6.627450980392154412e-01 1.000000000000000000e+00
1.000000000000000000e+00 6.705882352941177071e-01 1.000000000000000000e+00
1.000000000000000000e+00 6.784313725490196401e-01 1.000000000000000000e+00
1.000000000000000000e+00 6.862745098039215730e-01 1.000000000000000000e+00
1.000000000000000000e+00 6.941176470588235059e-01 1.000000000000000000e+00
1.000000000000000000e+00 7.019607843137254388e-01 1.000000000000000000e+00
1.000000000000000000e+00 7.098039215686274828e-01 1.000000000000000000e+00
1.000000000000000000e+00 7.176470588235294157e-01 1.000000000000000000e+00
1.000000000000000000e+00 7.254901960784313486e-01 1.000000000000000000e+00
1.000000000000000000e+00 7.333333333333333925e-01 1.000000000000000000e+00
1.000000000000000000e+00 7.411764705882353255e-01 1.000000000000000000e+00
1.000000000000000000e+00 7.490196078431372584e-01 1.000000000000000000e+00
1.000000000000000000e+00 7.568627450980391913e-01 1.000000000000000000e+00
1.000000000000000000e+00 7.647058823529411242e-01 1.000000000000000000e+00
1.000000000000000000e+00 7.725490196078430571e-01 1.000000000000000000e+00
1.000000000000000000e+00 7.803921568627451011e-01 1.000000000000000000e+00
1.000000000000000000e+00 7.882352941176468120e-01 1.000000000000000000e+00
1.000000000000000000e+00 7.960784313725490779e-01 1.000000000000000000e+00
1.000000000000000000e+00 8.039215686274510109e-01 1.000000000000000000e+00
1.000000000000000000e+00 8.117647058823529438e-01 1.000000000000000000e+00
1.000000000000000000e+00 8.196078431372548767e-01 1.000000000000000000e+00
1.000000000000000000e+00 8.274509803921568096e-01 1.000000000000000000e+00
1.000000000000000000e+00 8.352941176470587425e-01 1.000000000000000000e+00
1.000000000000000000e+00 8.431372549019607865e-01 1.000000000000000000e+00
1.000000000000000000e+00 8.509803921568627194e-01 1.000000000000000000e+00
1.000000000000000000e+00 8.588235294117647634e-01 1.000000000000000000e+00
1.000000000000000000e+00 8.666666666666666963e-01 1.000000000000000000e+00
1.000000000000000000e+00 8.745098039215686292e-01 1.000000000000000000e+00
1.000000000000000000e+00 8.823529411764705621e-01 1.000000000000000000e+00
1.000000000000000000e+00 8.901960784313724950e-01 1.000000000000000000e+00
1.000000000000000000e+00 8.980392156862744280e-01 1.000000000000000000e+00
1.000000000000000000e+00 9.058823529411764719e-01 1.000000000000000000e+00
1.000000000000000000e+00 9.137254901960781828e-01 1.000000000000000000e+00
1.000000000000000000e+00 9.215686274509804488e-01 1.000000000000000000e+00
1.000000000000000000e+00 9.294117647058823817e-01 1.000000000000000000e+00
1.000000000000000000e+00 9.372549019607843146e-01 1.000000000000000000e+00
1.000000000000000000e+00 9.450980392156862475e-01 1.000000000000000000e+00
1.000000000000000000e+00 9.529411764705881804e-01 1.000000000000000000e+00
1.000000000000000000e+00 9.607843137254901134e-01 1.000000000000000000e+00
1.000000000000000000e+00 9.686274509803921573e-01 1.000000000000000000e+00
1.000000000000000000e+00 9.764705882352940902e-01 1.000000000000000000e+00
1.000000000000000000e+00 9.843137254901961342e-01 1.000000000000000000e+00
1.000000000000000000e+00 9.921568627450980671e-01 1.000000000000000000e+00
1.000000000000000000e+00 1.000000000000000000e+00 1.000000000000000000e+00
