2.352941176470588203e-01 1.176470588235294101e-01 3.921568627450980338e-01
2.394463667820069253e-01 1.199538638985005734e-01 3.944636678200691970e-01
2.435986159169550025e-01 1.222606689734717367e-01 3.967704728950403603e-01
2.477508650519031075e-01 1.245674740484428999e-01 3.990772779700115236e-01
2.519031141868511847e-01 1.268742791234140632e-01 4.013840830449826869e-01
2.560553633217992897e-01 1.291810841983852265e-01 4.036908881199538501e-01
2.602076124567473947e-01 1.314878892733563898e-01 4.059976931949250134e-01
2.643598615916954997e-01 1.337946943483275530e-01 4.083044982698961767e-01
2.685121107266436047e-01 1.361014994232987441e-01 4.106113033448673399e-01
2.726643598615917097e-01 1.384083044982699073e-01 4.129181084198385032e-01
2.768166089965398147e-01 1.407151095732410706e-01 4.152249134948096665e-01
2.809688581314878641e-01 1.430219146482122339e-01 4.175317185697808298e-01
2.851211072664359691e-01 1.453287197231833972e-01 4.198385236447519930e-01
2.892733564013840741e-01 1.476355247981545604e-01 4.221453287197232118e-01
2.934256055363321791e-01 1.499423298731257237e-01 4.244521337946943751e-01
2.975778546712802841e-01 1.522491349480968870e-01 4.267589388696655384e-01
3.017301038062283891e-01 1.545559400230680502e-01 4.290657439446367016e-01
3.058823529411764941e-01 1.568627450980392135e-01 4.313725490196078649e-01
3.100346020761245436e-01 1.591695501730103768e-01 4.336793540945790282e-01
3.141868512110727041e-01 1.614763552479815401e-01 4.359861591695501915e-01
3.183391003460207536e-01 1.637831603229527033e-01 4.382929642445213547e-01
3.224913494809688586e-01 1.660899653979238666e-01 4.405997693194925180e-01
3.266435986159169635e-01 1.683967704728950299e-01 4.429065743944636813e-01
3.307958477508650685e-01 1.707035755478661931e-01 4.452133794694348445e-01
3.349480968858131735e-01 1.730103806228373564e-01 4.475201845444060078e-01
3.391003460207612230e-01 1.753171856978085197e-01 4.498269896193771711e-01
3.432525951557093835e-01 1.776239907727797107e-01 4.521337946943483344e-01
3.474048442906574330e-01 1.799307958477508462e-01 4.544405997693194976e-01
3.515570934256055380e-01 1.822376009227220095e-01 4.567474048442906609e-01
3.557093425605536430e-01 1.845444059976932005e-01 4.590542099192618242e-01
3.598615916955017480e-01 1.868512110726643638e-01 4.613610149942329874e-01
3.640138408304498530e-01 1.891580161476354993e-01 4.636678200692041507e-01
3.681660899653979024e-01 1.914648212226066903e-01 4.659746251441753140e-01
3.723183391003459519e-01 1.937716262975778259e-01 4.682814302191464773e-01
3.764705882352941124e-01 1.960784313725490169e-01 4.705882352941176405e-01
3.806228373702422174e-01 1.983852364475201802e-01 4.728950403690888038e-01
3.847750865051903224e-01 2.006920415224913434e-01 4.752018454440599671e-01
3.889273356401383719e-01 2.029988465974624789e-01 4.775086505190311303e-01
3.930795847750865324e-01 2.053056516724336977e-01 4.798154555940022936e-01
3.972318339100345819e-01 2.076124567474048332e-01 4.821222606689734569e-01
4.013840830449827424e-01 2.099192618223760243e-01 4.844290657439446202e-01
4.055363321799307919e-01 2.122260668973471320e-01 4.867358708189157834e-01
4.096885813148788968e-01 2.145328719723183508e-01 4.890426758938869467e-01
4.138408304498270018e-01 2.168396770472895141e-01 4.913494809688581100e-01
4.179930795847751068e-01 2.191464821222606774e-01 4.936562860438293288e-01
4.221453287197231563e-01 2.214532871972318129e-01 4.959630911188004365e-01
4.262975778546712613e-01 2.237600922722030039e-01 4.982698961937715998e-01
4.304498269896194218e-01 2.260668973471741672e-01 5.005767012687427631e-01
4.346020761245674713e-01 2.283737024221453304e-01 5.028835063437139263e-01
4.387543252595155763e-01 2.306805074971164937e-01 5.051903114186850896e-01
4.429065743944636813e-01 2.329873125720876570e-01 5.074971164936562529e-01
4.470588235294117307e-01 2.352941176470588203e-01 5.098039215686274161e-01
4.512110726643598912e-01 2.376009227220299835e-01 5.121107266435986904e-01
4.553633217993079407e-01 2.399077277970011468e-01 5.144175317185697427e-01
4.595155709342560457e-01 2.422145328719723101e-01 5.167243367935409060e-01
4.636678200692041507e-01 2.445213379469434734e-01 5.190311418685120692e-01
4.678200692041522557e-01 2.468281430219146366e-01 5.213379469434833435e-01
4.719723183391003607e-01 2.491349480968857999e-01 5.236447520184543958e-01
4.761245674740484657e-01 2.514417531718570187e-01 5.259515570934256701e-01
4.802768166089965707e-01 2.537485582468281264e-01 5.282583621683967223e-01
4.844290657439446757e-01 2.560553633217993452e-01 5.305651672433679966e-01
4.885813148788927252e-01 2.583621683967704530e-01 5.328719723183390489e-01
4.927335640138408301e-01 2.606689734717416163e-01 5.351787773933103232e-01
4.968858131487889351e-01 2.629757785467128350e-01 5.374855824682814864e-01
5.010380622837370401e-01 2.652825836216839983e-01 5.397923875432526497e-01
5.051903114186850896e-01 2.675893886966551061e-01 5.420991926182237020e-01
5.093425605536331391e-01 2.698961937716262138e-01 5.444059976931948652e-01
5.134948096885812996e-01 2.722029988465974881e-01 5.467128027681661395e-01
5.176470588235294601e-01 2.745098039215686514e-01 5.490196078431373028e-01
5.217993079584775096e-01 2.768166089965398147e-01 5.513264129181084661e-01
5.259515570934256701e-01 2.791234140715109779e-01 5.536332179930796293e-01
5.301038062283737196e-01 2.814302191464821412e-01 5.559400230680507926e-01
5.342560553633217690e-01 2.837370242214533045e-01 5.582468281430219559e-01
5.384083044982699295e-01 2.860438292964244678e-01 5.605536332179931192e-01
5.425605536332178680e-01 2.883506343713955755e-01 5.628604382929642824e-01
5.467128027681660285e-01 2.906574394463667943e-01 5.651672433679354457e-01
5.508650519031141890e-01 2.929642445213379576e-01 5.674740484429066090e-01
5.550173010380623495e-01 2.952710495963091208e-01 5.697808535178777722e-01
5.591695501730103990e-01 2.975778546712802841e-01 5.720876585928489355e-01
5.633217993079584485e-01 2.998846597462514474e-01 5.743944636678200988e-01
5.674740484429066090e-01 3.021914648212226107e-01 5.767012687427912621e-01
5.716262975778546584e-01 3.044982698961937739e-01 5.790080738177624253e-01
5.757785467128027079e-01 3.068050749711648817e-01 5.813148788927335886e-01
5.799307958477508684e-01 3.091118800461361005e-01 5.836216839677047519e-01
5.840830449826990289e-01 3.114186851211072637e-01 5.859284890426759151e-01
5.882352941176470784e-01 3.137254901960784270e-01 5.882352941176470784e-01
5.910034602076125188e-01 3.178777393310265320e-01 5.850057670126874720e-01
5.937716262975778481e-01 3.220299884659746370e-01 5.817762399077278657e-01
5.965397923875432884e-01 3.261822376009227420e-01 5.785467128027681483e-01
5.993079584775086177e-01 3.303344867358707915e-01 5.753171856978085419e-01
6.020761245674740580e-01 3.344867358708188410e-01 5.720876585928489355e-01
6.048442906574394984e-01 3.386389850057670015e-01 5.688581314878893291e-01
6.076124567474048277e-01 3.427912341407151064e-01 5.656286043829296117e-01
6.103806228373702680e-01 3.469434832756632114e-01 5.623990772779700054e-01
6.131487889273357084e-01 3.510957324106113164e-01 5.591695501730103990e-01
6.159169550173010377e-01 3.552479815455593659e-01 5.559400230680507926e-01
6.186851211072664780e-01 3.594002306805074709e-01 5.527104959630910752e-01
6.214532871972318073e-01 3.635524798154555759e-01 5.494809688581314688e-01
6.242214532871972477e-01 3.677047289504036254e-01 5.462514417531718625e-01
6.269896193771626880e-01 3.718569780853517859e-01 5.430219146482122561e-01
6.297577854671280173e-01 3.760092272202998909e-01 5.397923875432526497e-01
6.325259515570934576e-01 3.801614763552479959e-01 5.365628604382929323e-01
6.352941176470587870e-01 3.843137254901960453e-01 5.333333333333333259e-01
6.380622837370242273e-01 3.884659746251441503e-01 5.301038062283737196e-01
6.408304498269896676e-01 3.926182237600922553e-01 5.268742791234141132e-01
6.435986159169549969e-01 3.967704728950403603e-01 5.236447520184543958e-01
6.463667820069203263e-01 4.009227220299884098e-01 5.204152249134949004e-01
6.491349480968857666e-01 4.050749711649365703e-01 5.171856978085351830e-01
6.519031141868512069e-01 4.092272202998846198e-01 5.139561707035755767e-01
6.546712802768166473e-01 4.133794694348327248e-01 5.107266435986159703e-01
6.574394463667819766e-01 4.175317185697808298e-01 5.074971164936562529e-01
6.602076124567474169e-01 4.216839677047289348e-01 5.042675893886966465e-01
6.629757785467127462e-01 4.258362168396770397e-01 5.010380622837370401e-01
6.657439446366781866e-01 4.299884659746251447e-01 4.978085351787774337e-01
6.685121107266435159e-01 4.341407151095731942e-01 4.945790080738178274e-01
6.712802768166089562e-01 4.382929642445213547e-01 4.913494809688581100e-01
6.740484429065743965e-01 4.424452133794694042e-01 4.881199538638985036e-01
6.768166089965398369e-01 4.465974625144175092e-01 4.848904267589388972e-01
6.795847750865051662e-01 4.507497116493656142e-01 4.816608996539792353e-01
6.823529411764706065e-01 4.549019607843137192e-01 4.784313725490196290e-01
6.851211072664359358e-01 4.590542099192618242e-01 4.752018454440599671e-01
6.878892733564013762e-01 4.632064590542098736e-01 4.719723183391003607e-01
6.906574394463667055e-01 4.673587081891579231e-01 4.687427912341407543e-01
6.934256055363321458e-01 4.715109573241060836e-01 4.655132641291810924e-01
6.961937716262975862e-01 4.756632064590541886e-01 4.622837370242214305e-01
6.989619377162630265e-01 4.798154555940022936e-01 4.590542099192618242e-01
7.017301038062283558e-01 4.839677047289503986e-01 4.558246828143022178e-01
7.044982698961937961e-01 4.881199538638985036e-01 4.525951557093425559e-01
7.072664359861591254e-01 4.922722029988465531e-01 4.493656286043829495e-01
7.100346020761245658e-01 4.964244521337947136e-01 4.461361014994232876e-01
7.128027681660900061e-01 5.005767012687427631e-01 4.429065743944636813e-01
7.155709342560553354e-01 5.047289504036908125e-01 4.396770472895040749e-01
7.183391003460206647e-01 5.088811995386388620e-01 4.364475201845444685e-01
7.211072664359861051e-01 5.130334486735870225e-01 4.332179930795847511e-01
7.238754325259515454e-01 5.171856978085351830e-01 4.299884659746251447e-01
7.266435986159169858e-01 5.213379469434832325e-01 4.267589388696655384e-01
7.294117647058823151e-01 5.254901960784312820e-01 4.235294117647059320e-01
7.321799307958477554e-01 5.296424452133794425e-01 4.202998846597462146e-01
7.349480968858130847e-01 5.337946943483276030e-01 4.170703575547866082e-01
7.377162629757785250e-01 5.379469434832756525e-01 4.138408304498270018e-01
7.404844290657439654e-01 5.420991926182237020e-01 4.106113033448673955e-01
7.432525951557092947e-01 5.462514417531718625e-01 4.073817762399077336e-01
7.460207612456747350e-01 5.504036908881199119e-01 4.041522491349481272e-01
7.487889273356400643e-01 5.545559400230679614e-01 4.009227220299884653e-01
7.515570934256055047e-01 5.587081891580161219e-01 3.976931949250288589e-01
7.543252595155709450e-01 5.628604382929642824e-01 3.944636678200691970e-01
7.570934256055362743e-01 5.670126874279123319e-01 3.912341407151095352e-01
7.598615916955017147e-01 5.711649365628603814e-01 3.880046136101499288e-01
7.626297577854670440e-01 5.753171856978083198e-01 3.847750865051904334e-01
7.653979238754324843e-01 5.794694348327565914e-01 3.815455594002307160e-01
7.681660899653979246e-01 5.836216839677046408e-01 3.783160322952710541e-01
7.709342560553633650e-01 5.877739331026528014e-01 3.750865051903113923e-01
7.737024221453286943e-01 5.919261822376009619e-01 3.718569780853517859e-01
7.764705882352941346e-01 5.960784313725490113e-01 3.686274509803921795e-01
7.792387543252594639e-01 6.002306805074970608e-01 3.653979238754325176e-01
7.820069204152249043e-01 6.043829296424452213e-01 3.621683967704729112e-01
7.847750865051903446e-01 6.085351787773932708e-01 3.589388696655132494e-01
7.875432525951556739e-01 6.126874279123413203e-01 3.557093425605536430e-01
7.903114186851210032e-01 6.168396770472894808e-01 3.524798154555940366e-01
7.930795847750864436e-01 6.209919261822376413e-01 3.492502883506343747e-01
7.958477508650518839e-01 6.251441753171855797e-01 3.460207612456747128e-01
7.986159169550173242e-01 6.292964244521337402e-01 3.427912341407151064e-01
8.013840830449826536e-01 6.334486735870819007e-01 3.395617070357555001e-01
8.041522491349480939e-01 6.376009227220299502e-01 3.363321799307958382e-01
8.069204152249134232e-01 6.417531718569779997e-01 3.331026528258362873e-01
8.096885813148788635e-01 6.459054209919261602e-01 3.298731257208765699e-01
8.124567474048443039e-01 6.500576701268742097e-01 3.266435986159169635e-01
8.152249134948096332e-01 6.542099192618223702e-01 3.234140715109573017e-01
8.179930795847750735e-01 6.583621683967704197e-01 3.201845444059976953e-01
8.207612456747404028e-01 6.625144175317185802e-01 3.169550173010380334e-01
8.235294117647058432e-01 6.666666666666666297e-01 3.137254901960784270e-01
8.256055363321799234e-01 6.705882352941175961e-01 3.211072664359861384e-01
8.276816608996538926e-01 6.745098039215685626e-01 3.284890426758939053e-01
8.297577854671279729e-01 6.784313725490195290e-01 3.358708189158016166e-01
8.318339100346020532e-01 6.823529411764706065e-01 3.432525951557093280e-01
8.339100346020761334e-01 6.862745098039215730e-01 3.506343713956170394e-01
8.359861591695501026e-01 6.901960784313725394e-01 3.580161476355248062e-01
8.380622837370241829e-01 6.941176470588235059e-01 3.653979238754325176e-01
8.401384083044982631e-01 6.980392156862744724e-01 3.727797001153402290e-01
8.422145328719722324e-01 7.019607843137254388e-01 3.801614763552479959e-01
8.442906574394463126e-01 7.058823529411762943e-01 3.875432525951554852e-01
8.463667820069203929e-01 7.098039215686273717e-01 3.949250288350634186e-01
8.484429065743944731e-01 7.137254901960784492e-01 4.023068050749711855e-01
8.505190311418684423e-01 7.176470588235294157e-01 4.096885813148788968e-01
8.525951557093425226e-01 7.215686274509803821e-01 4.170703575547866082e-01
8.546712802768166028e-01 7.254901960784313486e-01 4.244521337946943751e-01
8.567474048442906831e-01 7.294117647058823151e-01 4.318339100346020865e-01
8.588235294117646523e-01 7.333333333333332815e-01 4.392156862745097978e-01
8.608996539792387326e-01 7.372549019607842480e-01 4.465974625144175647e-01
8.629757785467128128e-01 7.411764705882353255e-01 4.539792387543252206e-01
8.650519031141867821e-01 7.450980392156862919e-01 4.613610149942329874e-01
8.671280276816608623e-01 7.490196078431372584e-01 4.687427912341407543e-01
8.692041522491349426e-01 7.529411764705882248e-01 4.761245674740484102e-01
8.712802768166090228e-01 7.568627450980391913e-01 4.835063437139561771e-01
8.733564013840829920e-01 7.607843137254901578e-01 4.908881199538638884e-01
8.754325259515570723e-01 7.647058823529411242e-01 4.982698961937715998e-01
8.775086505190310415e-01 7.686274509803919797e-01 5.056516724336791446e-01
8.795847750865051218e-01 7.725490196078430571e-01 5.130334486735870225e-01
8.816608996539792020e-01 7.764705882352941346e-01 5.204152249134947894e-01
8.837370242214532823e-01 7.803921568627451011e-01 5.277970011534025563e-01
8.858131487889273625e-01 7.843137254901960675e-01 5.351787773933103232e-01
8.878892733564013318e-01 7.882352941176470340e-01 5.425605536332179790e-01
8.899653979238754120e-01 7.921568627450980005e-01 5.499423298731257459e-01
8.920415224913494923e-01 7.960784313725489669e-01 5.573241061130334018e-01
8.941176470588234615e-01 8.000000000000000444e-01 5.647058823529411686e-01
8.961937716262975417e-01 8.039215686274510109e-01 5.720876585928489355e-01
8.982698961937716220e-01 8.078431372549019773e-01 5.794694348327567024e-01
9.003460207612457022e-01 8.117647058823529438e-01 5.868512110726643582e-01
9.024221453287196715e-01 8.156862745098039102e-01 5.942329873125720141e-01
9.044982698961937517e-01 8.196078431372548767e-01 6.016147635524797810e-01
9.065743944636678320e-01 8.235294117647058432e-01 6.089965397923875479e-01
9.086505190311418012e-01 8.274509803921568096e-01 6.163783160322953147e-01
9.107266435986158815e-01 8.313725490196077761e-01 6.237600922722028596e-01
9.128027681660899617e-01 8.352941176470587425e-01 6.311418685121106265e-01
9.148788927335640420e-01 8.392156862745098200e-01 6.385236447520183933e-01
9.169550173010380112e-01 8.431372549019607865e-01 6.459054209919261602e-01
9.190311418685120914e-01 8.470588235294117530e-01 6.532871972318339271e-01
9.211072664359861717e-01 8.509803921568627194e-01 6.606689734717416940e-01
9.231833910034601409e-01 8.549019607843136859e-01 6.680507497116493498e-01
9.252595155709342212e-01 8.588235294117646523e-01 6.754325259515570057e-01
9.273356401384083014e-01 8.627450980392157298e-01 6.828143021914647726e-01
9.294117647058823817e-01 8.666666666666666963e-01 6.901960784313725394e-01
9.314878892733563509e-01 8.705882352941176627e-01 6.975778546712803063e-01
9.335640138408304312e-01 8.745098039215686292e-01 7.049596309111880732e-01
9.356401384083045114e-01 8.784313725490195957e-01 7.123414071510956180e-01
9.377162629757784806e-01 8.823529411764705621e-01 7.197231833910034959e-01
9.397923875432525609e-01 8.862745098039215286e-01 7.271049596309111518e-01
9.418685121107266411e-01 8.901960784313724950e-01 7.344867358708189187e-01
9.439446366782006104e-01 8.941176470588234615e-01 7.418685121107264635e-01
9.460207612456746906e-01 8.980392156862744280e-01 7.492502883506343414e-01
9.480968858131487709e-01 9.019607843137255054e-01 7.566320645905421083e-01
9.501730103806228511e-01 9.058823529411764719e-01 7.640138408304497641e-01
9.522491349480968204e-01 9.098039215686274384e-01 7.713956170703575310e-01
9.543252595155709006e-01 9.137254901960784048e-01 7.787773933102652979e-01
9.564013840830449809e-01 9.176470588235294823e-01 7.861591695501730648e-01
9.584775086505190611e-01 9.215686274509804488e-01 7.935409457900807206e-01
9.605536332179931414e-01 9.254901960784314152e-01 8.009227220299884875e-01
9.626297577854671106e-01 9.294117647058823817e-01 8.083044982698961434e-01
9.647058823529411908e-01 9.333333333333333481e-01 8.156862745098039102e-01
9.667820069204151601e-01 9.372549019607843146e-01 8.230680507497116771e-01
9.688581314878892403e-01 9.411764705882352811e-01 8.304498269896193330e-01
9.709342560553633206e-01 9.450980392156862475e-01 8.378316032295270999e-01
9.730103806228374008e-01 9.490196078431372140e-01 8.452133794694348667e-01
9.750865051903113701e-01 9.529411764705881804e-01 8.525951557093425226e-01
9.771626297577853393e-01 9.568627450980391469e-01 8.599769319492500674e-01
9.792387543252595306e-01 9.607843137254901134e-01 8.673587081891579453e-01
9.813148788927334998e-01 9.647058823529411908e-01 8.747404844290657122e-01
9.833910034602075800e-01 9.686274509803921573e-01 8.821222606689734791e-01
9.854671280276816603e-01 9.725490196078431238e-01 8.895040369088811349e-01
9.875432525951557405e-01 9.764705882352942012e-01 8.968858131487889018e-01
9.896193771626298208e-01 9.803921568627451677e-01 9.042675893886966687e-01
9.916955017301037900e-01 9.843137254901961342e-01 9.116493656286043246e-01
9.937716262975778703e-01 9.882352941176471006e-01 9.190311418685120914e-01
9.958477508650518395e-01 9.921568627450980671e-01 9.264129181084198583e-01
9.979238754325259197e-01 9.960784313725490335e-01 9.337946943483276252e-01
1.000000000000000000e+00 1.000000000000000000e+00 9.411764705882352811e-01
