5.999999999999999778e-01 0.000000000000000000e+00 0.000000000000000000e+00
6.023529411764705355e-01 3.137254901960784617e-03 5.490196078431371779e-03
6.047058823529412042e-01 6.274509803921569234e-03 1.098039215686274356e-02
6.070588235294117618e-01 9.411764705882353851e-03 1.647058823529411534e-02
6.094117647058823195e-01 1.254901960784313847e-02 2.196078431372548712e-02
6.117647058823528772e-01 1.568627450980392135e-02 2.745098039215685889e-02
6.141176470588235459e-01 1.882352941176470770e-02 3.294117647058823067e-02
6.164705882352941035e-01 2.196078431372549059e-02 3.843137254901960592e-02
6.188235294117646612e-01 2.509803921568627694e-02 4.392156862745097423e-02
6.211764705882352189e-01 2.823529411764705982e-02 4.941176470588234948e-02
6.235294117647058876e-01 3.137254901960784270e-02 5.490196078431371779e-02
6.258823529411764452e-01 3.450980392156862558e-02 6.039215686274509304e-02
6.282352941176470029e-01 3.764705882352941541e-02 6.588235294117646135e-02
6.305882352941176716e-01 4.078431372549019829e-02 7.137254901960783660e-02
6.329411764705882293e-01 4.392156862745098117e-02 7.686274509803921184e-02
6.352941176470587870e-01 4.705882352941176405e-02 8.235294117647058709e-02
6.376470588235293446e-01 5.019607843137255387e-02 8.784313725490194846e-02
6.400000000000000133e-01 5.333333333333333676e-02 9.333333333333332371e-02
6.423529411764705710e-01 5.647058823529411964e-02 9.882352941176469896e-02
6.447058823529411287e-01 5.960784313725490252e-02 1.043137254901960742e-01
6.470588235294117974e-01 6.274509803921568540e-02 1.098039215686274356e-01
6.494117647058823550e-01 6.588235294117647523e-02 1.152941176470588108e-01
6.517647058823529127e-01 6.901960784313725117e-02 1.207843137254901861e-01
6.541176470588234704e-01 7.215686274509804099e-02 1.262745098039215474e-01
6.564705882352941391e-01 7.529411764705883081e-02 1.317647058823529227e-01
6.588235294117646967e-01 7.843137254901960675e-02 1.372549019607842979e-01
6.611764705882352544e-01 8.156862745098039658e-02 1.427450980392156732e-01
6.635294117647059231e-01 8.470588235294118640e-02 1.482352941176470484e-01
6.658823529411764808e-01 8.784313725490196234e-02 1.537254901960784237e-01
6.682352941176470384e-01 9.098039215686275216e-02 1.592156862745097989e-01
6.705882352941175961e-01 9.411764705882352811e-02 1.647058823529411742e-01
6.729411764705882648e-01 9.725490196078431793e-02 1.701960784313725494e-01
6.752941176470588225e-01 1.003921568627451077e-01 1.756862745098038969e-01
6.776470588235293802e-01 1.035294117647058698e-01 1.811764705882352722e-01
6.799999999999999378e-01 1.066666666666666735e-01 1.866666666666666474e-01
6.823529411764706065e-01 1.098039215686274633e-01 1.921568627450980504e-01
6.847058823529411642e-01 1.129411764705882393e-01 1.976470588235293979e-01
6.870588235294117219e-01 1.160784313725490152e-01 2.031372549019607454e-01
6.894117647058823906e-01 1.192156862745098050e-01 2.086274509803921484e-01
6.917647058823529482e-01 1.223529411764706087e-01 2.141176470588235237e-01
6.941176470588235059e-01 1.254901960784313708e-01 2.196078431372548712e-01
6.964705882352940636e-01 1.286274509803921606e-01 2.250980392156862464e-01
6.988235294117647323e-01 1.317647058823529505e-01 2.305882352941176217e-01
7.011764705882352899e-01 1.349019607843137403e-01 2.360784313725490247e-01
7.035294117647058476e-01 1.380392156862745023e-01 2.415686274509803722e-01
7.058823529411764053e-01 1.411764705882352922e-01 2.470588235294117196e-01
7.082352941176470740e-01 1.443137254901960820e-01 2.525490196078430949e-01
7.105882352941176316e-01 1.474509803921568718e-01 2.580392156862745257e-01
7.129411764705881893e-01 1.505882352941176616e-01 2.635294117647058454e-01
7.152941176470588580e-01 1.537254901960784237e-01 2.690196078431372206e-01
7.176470588235294157e-01 1.568627450980392135e-01 2.745098039215685959e-01
7.199999999999999734e-01 1.600000000000000311e-01 2.799999999999999711e-01
7.223529411764706420e-01 1.631372549019607932e-01 2.854901960784313464e-01
7.247058823529411997e-01 1.662745098039215552e-01 2.909803921568627216e-01
7.270588235294117574e-01 1.694117647058823728e-01 2.964705882352940969e-01
7.294117647058823151e-01 1.725490196078431626e-01 3.019607843137254721e-01
7.317647058823528727e-01 1.756862745098039247e-01 3.074509803921568474e-01
7.341176470588235414e-01 1.788235294117647145e-01 3.129411764705881671e-01
7.364705882352940991e-01 1.819607843137255043e-01 3.184313725490195979e-01
7.388235294117646568e-01 1.850980392156862941e-01 3.239215686274509731e-01
7.411764705882353255e-01 1.882352941176470562e-01 3.294117647058823484e-01
7.435294117647058831e-01 1.913725490196078460e-01 3.349019607843136681e-01
7.458823529411764408e-01 1.945098039215686359e-01 3.403921568627450989e-01
7.482352941176471095e-01 1.976470588235294257e-01 3.458823529411764741e-01
7.505882352941176672e-01 2.007843137254902155e-01 3.513725490196077939e-01
7.529411764705882248e-01 2.039215686274509776e-01 3.568627450980391691e-01
7.552941176470587825e-01 2.070588235294117396e-01 3.623529411764705443e-01
7.576470588235294512e-01 2.101960784313725572e-01 3.678431372549019751e-01
7.600000000000000089e-01 2.133333333333333470e-01 3.733333333333332948e-01
7.623529411764705666e-01 2.164705882352941091e-01 3.788235294117646701e-01
7.647058823529411242e-01 2.196078431372549267e-01 3.843137254901961009e-01
7.670588235294117929e-01 2.227450980392157165e-01 3.898039215686274206e-01
7.694117647058823506e-01 2.258823529411764786e-01 3.952941176470587958e-01
7.717647058823529083e-01 2.290196078431372406e-01 4.007843137254901711e-01
7.741176470588235770e-01 2.321568627450980304e-01 4.062745098039214908e-01
7.764705882352941346e-01 2.352941176470588480e-01 4.117647058823529216e-01
7.788235294117646923e-01 2.384313725490196101e-01 4.172549019607842968e-01
7.811764705882352500e-01 2.415686274509803999e-01 4.227450980392156166e-01
7.835294117647059187e-01 2.447058823529412175e-01 4.282352941176470473e-01
7.858823529411764763e-01 2.478431372549019795e-01 4.337254901960784226e-01
7.882352941176470340e-01 2.509803921568627416e-01 4.392156862745097423e-01
7.905882352941175917e-01 2.541176470588235037e-01 4.447058823529411176e-01
7.929411764705882604e-01 2.572549019607843213e-01 4.501960784313724928e-01
7.952941176470588180e-01 2.603921568627451388e-01 4.556862745098039236e-01
7.976470588235293757e-01 2.635294117647059009e-01 4.611764705882352433e-01
8.000000000000000444e-01 2.666666666666666630e-01 4.666666666666666186e-01
8.023529411764706021e-01 2.698039215686274805e-01 4.721568627450980493e-01
8.047058823529411598e-01 2.729411764705882426e-01 4.776470588235293691e-01
8.070588235294118284e-01 2.760784313725490047e-01 4.831372549019607443e-01
8.094117647058823861e-01 2.792156862745098223e-01 4.886274509803921196e-01
8.117647058823529438e-01 2.823529411764705843e-01 4.941176470588234393e-01
8.141176470588236125e-01 2.854901960784314019e-01 4.996078431372548700e-01
8.164705882352940591e-01 2.886274509803921640e-01 5.050980392156861898e-01
8.188235294117647278e-01 2.917647058823529260e-01 5.105882352941175650e-01
8.211764705882352855e-01 2.949019607843137436e-01 5.160784313725490513e-01
8.235294117647058432e-01 2.980392156862745057e-01 5.215686274509804266e-01
8.258823529411765119e-01 3.011764705882353232e-01 5.270588235294116908e-01
8.282352941176470695e-01 3.043137254901960853e-01 5.325490196078430660e-01
8.305882352941176272e-01 3.074509803921568474e-01 5.380392156862744413e-01
8.329411764705882959e-01 3.105882352941176650e-01 5.435294117647058165e-01
8.352941176470588536e-01 3.137254901960784270e-01 5.490196078431371918e-01
8.376470588235294112e-01 3.168627450980392446e-01 5.545098039215685670e-01
8.400000000000000799e-01 3.200000000000000622e-01 5.599999999999999423e-01
8.423529411764706376e-01 3.231372549019608242e-01 5.654901960784313175e-01
8.447058823529411953e-01 3.262745098039215863e-01 5.709803921568626928e-01
8.470588235294117530e-01 3.294117647058823484e-01 5.764705882352940680e-01
8.494117647058823106e-01 3.325490196078431104e-01 5.819607843137254433e-01
8.517647058823529793e-01 3.356862745098039280e-01 5.874509803921568185e-01
8.541176470588235370e-01 3.388235294117647456e-01 5.929411764705881938e-01
8.564705882352940947e-01 3.419607843137255077e-01 5.984313725490195690e-01
8.588235294117647634e-01 3.450980392156863252e-01 6.039215686274509443e-01
8.611764705882353210e-01 3.482352941176470873e-01 6.094117647058823195e-01
8.635294117647058787e-01 3.513725490196078494e-01 6.149019607843136948e-01
8.658823529411765474e-01 3.545098039215686114e-01 6.203921568627450700e-01
8.682352941176469940e-01 3.576470588235294290e-01 6.258823529411763342e-01
8.705882352941176627e-01 3.607843137254902466e-01 6.313725490196078205e-01
8.729411764705883314e-01 3.639215686274510086e-01 6.368627450980391957e-01
8.752941176470587781e-01 3.670588235294117707e-01 6.423529411764705710e-01
8.776470588235294468e-01 3.701960784313725883e-01 6.478431372549019462e-01
8.800000000000000044e-01 3.733333333333333504e-01 6.533333333333333215e-01
8.823529411764705621e-01 3.764705882352941124e-01 6.588235294117646967e-01
8.847058823529412308e-01 3.796078431372549300e-01 6.643137254901959610e-01
8.870588235294117885e-01 3.827450980392156921e-01 6.698039215686273362e-01
8.894117647058823461e-01 3.858823529411765096e-01 6.752941176470588225e-01
8.917647058823530148e-01 3.890196078431372717e-01 6.807843137254901977e-01
8.941176470588234615e-01 3.921568627450980338e-01 6.862745098039214620e-01
8.964705882352941302e-01 3.952941176470588514e-01 6.917647058823529482e-01
8.988235294117647989e-01 3.984313725490196134e-01 6.972549019607843235e-01
9.003921568627450966e-01 4.023529411764706354e-01 7.009457900807380959e-01
9.011764705882353566e-01 4.070588235294118062e-01 7.028373702422144875e-01
9.019607843137255054e-01 4.117647058823529771e-01 7.047289504036908792e-01
9.027450980392156543e-01 4.164705882352941479e-01 7.066205305651671598e-01
9.035294117647059142e-01 4.211764705882352078e-01 7.085121107266435514e-01
9.043137254901960631e-01 4.258823529411764897e-01 7.104036908881199430e-01
9.050980392156863230e-01 4.305882352941176605e-01 7.122952710495962236e-01
9.058823529411764719e-01 4.352941176470588314e-01 7.141868512110726153e-01
9.066666666666667318e-01 4.400000000000000022e-01 7.160784313725490069e-01
9.074509803921568807e-01 4.447058823529411731e-01 7.179700115340252875e-01
9.082352941176470296e-01 4.494117647058823994e-01 7.198615916955016791e-01
9.090196078431372895e-01 4.541176470588235703e-01 7.217531718569780708e-01
9.098039215686274384e-01 4.588235294117647411e-01 7.236447520184543514e-01
9.105882352941176983e-01 4.635294117647059120e-01 7.255363321799307430e-01
9.113725490196078471e-01 4.682352941176470829e-01 7.274279123414071346e-01
9.121568627450981070e-01 4.729411764705882537e-01 7.293194925028834152e-01
9.129411764705882559e-01 4.776470588235294246e-01 7.312110726643598069e-01
9.137254901960784048e-01 4.823529411764705954e-01 7.331026528258361985e-01
9.145098039215686647e-01 4.870588235294117663e-01 7.349942329873124791e-01
9.152941176470588136e-01 4.917647058823529926e-01 7.368858131487888707e-01
9.160784313725489625e-01 4.964705882352939970e-01 7.387773933102651513e-01
9.168627450980392224e-01 5.011764705882353343e-01 7.406689734717415430e-01
9.176470588235294823e-01 5.058823529411764497e-01 7.425605536332179346e-01
9.184313725490196312e-01 5.105882352941176761e-01 7.444521337946943262e-01
9.192156862745097801e-01 5.152941176470589024e-01 7.463437139561707179e-01
9.200000000000000400e-01 5.200000000000000178e-01 7.482352941176469985e-01
9.207843137254901889e-01 5.247058823529412441e-01 7.501268742791233901e-01
9.215686274509804488e-01 5.294117647058823595e-01 7.520184544405997817e-01
9.223529411764705976e-01 5.341176470588235858e-01 7.539100346020760623e-01
9.231372549019607465e-01 5.388235294117647012e-01 7.558016147635524540e-01
9.239215686274510064e-01 5.435294117647059275e-01 7.576931949250288456e-01
9.247058823529411553e-01 5.482352941176470429e-01 7.595847750865051262e-01
9.254901960784314152e-01 5.529411764705882693e-01 7.614763552479815178e-01
9.262745098039215641e-01 5.576470588235293846e-01 7.633679354094579095e-01
9.270588235294118240e-01 5.623529411764706110e-01 7.652595155709341901e-01
9.278431372549019729e-01 5.670588235294118373e-01 7.671510957324105817e-01
9.286274509803921218e-01 5.717647058823528416e-01 7.690426758938868623e-01
9.294117647058823817e-01 5.764705882352941790e-01 7.709342560553632540e-01
9.301960784313725306e-01 5.811764705882352944e-01 7.728258362168396456e-01
9.309803921568627905e-01 5.858823529411765207e-01 7.747174163783160372e-01
9.317647058823529393e-01 5.905882352941176361e-01 7.766089965397923178e-01
9.325490196078431993e-01 5.952941176470588625e-01 7.785005767012687095e-01
9.333333333333333481e-01 5.999999999999999778e-01 7.803921568627451011e-01
9.341176470588234970e-01 6.047058823529412042e-01 7.822837370242213817e-01
9.349019607843137569e-01 6.094117647058823195e-01 7.841753171856977733e-01
9.356862745098039058e-01 6.141176470588235459e-01 7.860668973471741650e-01
9.364705882352941657e-01 6.188235294117647722e-01 7.879584775086504456e-01
9.372549019607843146e-01 6.235294117647058876e-01 7.898500576701268372e-01
9.380392156862744635e-01 6.282352941176470029e-01 7.917416378316032288e-01
9.388235294117647234e-01 6.329411764705882293e-01 7.936332179930795094e-01
9.396078431372548723e-01 6.376470588235294557e-01 7.955247981545559011e-01
9.403921568627451322e-01 6.423529411764705710e-01 7.974163783160322927e-01
9.411764705882352811e-01 6.470588235294116863e-01 7.993079584775085733e-01
9.419607843137255410e-01 6.517647058823530237e-01 8.011995386389849649e-01
9.427450980392156898e-01 6.564705882352941391e-01 8.030911188004613566e-01
9.435294117647059498e-01 6.611764705882352544e-01 8.049826989619377482e-01
9.443137254901960986e-01 6.658823529411764808e-01 8.068742791234140288e-01
9.450980392156862475e-01 6.705882352941177071e-01 8.087658592848904204e-01
9.458823529411765074e-01 6.752941176470588225e-01 8.106574394463667010e-01
9.466666666666666563e-01 6.799999999999999378e-01 8.125490196078430927e-01
9.474509803921569162e-01 6.847058823529411642e-01 8.144405997693194843e-01
9.482352941176470651e-01 6.894117647058823906e-01 8.163321799307958759e-01
9.490196078431372140e-01 6.941176470588235059e-01 8.182237600922721565e-01
9.498039215686274739e-01 6.988235294117647323e-01 8.201153402537485482e-01
9.505882352941176228e-01 7.035294117647059586e-01 8.220069204152249398e-01
9.513725490196078827e-01 7.082352941176470740e-01 8.238985005767012204e-01
9.521568627450980316e-01 7.129411764705881893e-01 8.257900807381776120e-01
9.529411764705882915e-01 7.176470588235294157e-01 8.276816608996540037e-01
9.537254901960784403e-01 7.223529411764704200e-01 8.295732410611302843e-01
9.545098039215685892e-01 7.270588235294117574e-01 8.314648212226066759e-01
9.552941176470588491e-01 7.317647058823529838e-01 8.333564013840830675e-01
9.560784313725489980e-01 7.364705882352942101e-01 8.352479815455593481e-01
9.568627450980392579e-01 7.411764705882353255e-01 8.371395617070357398e-01
9.576470588235294068e-01 7.458823529411764408e-01 8.390311418685121314e-01
9.584313725490196667e-01 7.505882352941176672e-01 8.409227220299884120e-01
9.592156862745098156e-01 7.552941176470588935e-01 8.428143021914648036e-01
9.599999999999999645e-01 7.600000000000000089e-01 8.447058823529411953e-01
9.607843137254902244e-01 7.647058823529411242e-01 8.465974625144174759e-01
9.615686274509803733e-01 7.694117647058824616e-01 8.484890426758938675e-01
9.623529411764706332e-01 7.741176470588235770e-01 8.503806228373702591e-01
9.631372549019607820e-01 7.788235294117646923e-01 8.522722029988465398e-01
9.639215686274509309e-01 7.835294117647058076e-01 8.541637831603229314e-01
9.647058823529411908e-01 7.882352941176471450e-01 8.560553633217993230e-01
9.654901960784313397e-01 7.929411764705882604e-01 8.579469434832756036e-01
9.662745098039215996e-01 7.976470588235292647e-01 8.598385236447518842e-01
9.670588235294117485e-01 8.023529411764704911e-01 8.617301038062283869e-01
9.678431372549020084e-01 8.070588235294118284e-01 8.636216839677046675e-01
9.686274509803921573e-01 8.117647058823529438e-01 8.655132641291810591e-01
9.694117647058824172e-01 8.164705882352940591e-01 8.674048442906574508e-01
9.701960784313725661e-01 8.211764705882352855e-01 8.692964244521337314e-01
9.709803921568627150e-01 8.258823529411765119e-01 8.711880046136101230e-01
9.717647058823529749e-01 8.305882352941176272e-01 8.730795847750865146e-01
9.725490196078431238e-01 8.352941176470587425e-01 8.749711649365627952e-01
9.733333333333333837e-01 8.399999999999999689e-01 8.768627450980391869e-01
9.741176470588235325e-01 8.447058823529411953e-01 8.787543252595155785e-01
9.749019607843136814e-01 8.494117647058823106e-01 8.806459054209918591e-01
9.756862745098039413e-01 8.541176470588235370e-01 8.825374855824682507e-01
9.764705882352940902e-01 8.588235294117646523e-01 8.844290657439446424e-01
9.772549019607843501e-01 8.635294117647058787e-01 8.863206459054209230e-01
9.780392156862744990e-01 8.682352941176469940e-01 8.882122260668973146e-01
9.788235294117646479e-01 8.729411764705881094e-01 8.901038062283735952e-01
9.796078431372549078e-01 8.776470588235294468e-01 8.919953863898499868e-01
9.803921568627451677e-01 8.823529411764705621e-01 8.938869665513263785e-01
9.811764705882353166e-01 8.870588235294117885e-01 8.957785467128027701e-01
9.819607843137254655e-01 8.917647058823529038e-01 8.976701268742790507e-01
9.827450980392157254e-01 8.964705882352941302e-01 8.995617070357554423e-01
9.835294117647058743e-01 9.011764705882353566e-01 9.014532871972318340e-01
9.843137254901961342e-01 9.058823529411764719e-01 9.033448673587081146e-01
9.850980392156862830e-01 9.105882352941175872e-01 9.052364475201845062e-01
9.858823529411764319e-01 9.152941176470588136e-01 9.071280276816608978e-01
9.866666666666666918e-01 9.200000000000000400e-01 9.090196078431371784e-01
9.874509803921568407e-01 9.247058823529411553e-01 9.109111880046135701e-01
9.882352941176471006e-01 9.294117647058823817e-01 9.128027681660899617e-01
9.890196078431372495e-01 9.341176470588234970e-01 9.146943483275662423e-01
9.898039215686273984e-01 9.388235294117647234e-01 9.165859284890426339e-01
9.905882352941176583e-01 9.435294117647058387e-01 9.184775086505190256e-01
9.913725490196078072e-01 9.482352941176469541e-01 9.203690888119953062e-01
9.921568627450980671e-01 9.529411764705881804e-01 9.222606689734716978e-01
9.929411764705882160e-01 9.576470588235294068e-01 9.241522491349480894e-01
9.937254901960784759e-01 9.623529411764706332e-01 9.260438292964243701e-01
9.945098039215686248e-01 9.670588235294117485e-01 9.279354094579007617e-01
9.952941176470587736e-01 9.717647058823528639e-01 9.298269896193771533e-01
9.960784313725490335e-01 9.764705882352940902e-01 9.317185697808535449e-01
9.968627450980391824e-01 9.811764705882353166e-01 9.336101499423298256e-01
9.976470588235294423e-01 9.858823529411764319e-01 9.355017301038062172e-01
9.984313725490195912e-01 9.905882352941176583e-01 9.373933102652824978e-01
9.992156862745098511e-01 9.952941176470588847e-01 9.392848904267590004e-01
1.000000000000000000e+00 1.000000000000000000e+00 9.411764705882352811e-01
