0.000000000000000000e+00 1.250000000000000000e-01 2.999999999999999889e-01
3.137254901960784617e-03 1.320588235294117563e-01 3.031372549019607510e-01
6.274509803921569234e-03 1.391176470588235403e-01 3.062745098039215685e-01
9.411764705882353851e-03 1.461764705882352966e-01 3.094117647058823306e-01
1.254901960784313847e-02 1.532352941176470529e-01 3.125490196078431482e-01
1.568627450980392135e-02 1.602941176470588092e-01 3.156862745098039102e-01
1.882352941176470770e-02 1.673529411764705932e-01 3.188235294117647278e-01
2.196078431372549059e-02 1.744117647058823495e-01 3.219607843137254899e-01
2.509803921568627694e-02 1.814705882352941058e-01 3.250980392156862520e-01
2.823529411764705982e-02 1.885294117647058898e-01 3.282352941176470695e-01
3.137254901960784270e-02 1.955882352941176183e-01 3.313725490196078316e-01
3.450980392156862558e-02 2.026470588235294024e-01 3.345098039215686492e-01
3.764705882352941541e-02 2.097058823529411864e-01 3.376470588235294112e-01
4.078431372549019829e-02 2.167647058823529149e-01 3.407843137254902288e-01
4.392156862745098117e-02 2.238235294117646990e-01 3.439215686274509909e-01
4.705882352941176405e-02 2.308823529411764552e-01 3.470588235294117530e-01
5.019607843137255387e-02 2.379411764705882115e-01 3.501960784313725705e-01
5.333333333333333676e-02 2.449999999999999956e-01 3.533333333333333326e-01
5.647058823529411964e-02 2.520588235294117796e-01 3.564705882352940947e-01
5.960784313725490252e-02 2.591176470588235081e-01 3.596078431372549122e-01
6.274509803921568540e-02 2.661764705882352366e-01 3.627450980392157298e-01
6.588235294117647523e-02 2.732352941176470207e-01 3.658823529411764919e-01
6.901960784313725117e-02 2.802941176470588047e-01 3.690196078431372539e-01
7.215686274509804099e-02 2.873529411764705888e-01 3.721568627450980715e-01
7.529411764705883081e-02 2.944117647058823728e-01 3.752941176470588336e-01
7.843137254901960675e-02 3.014705882352941013e-01 3.784313725490195957e-01
8.156862745098039658e-02 3.085294117647058298e-01 3.815686274509804132e-01
8.470588235294118640e-02 3.155882352941176139e-01 3.847058823529411753e-01
8.784313725490196234e-02 3.226470588235293979e-01 3.878431372549019929e-01
9.098039215686275216e-02 3.297058823529411820e-01 3.909803921568627549e-01
9.411764705882352811e-02 3.367647058823529105e-01 3.941176470588235725e-01
9.725490196078431793e-02 3.438235294117646945e-01 3.972549019607843346e-01
1.009803921568627472e-01 3.509803921568627194e-01 3.994117647058823550e-01
1.088235294117646523e-01 3.588235294117646523e-01 3.947058823529412397e-01
1.166666666666666685e-01 3.666666666666666408e-01 3.900000000000000133e-01
1.245098039215686292e-01 3.745098039215686292e-01 3.852941176470588425e-01
1.323529411764705899e-01 3.823529411764705621e-01 3.805882352941176716e-01
1.401960784313724950e-01 3.901960784313724950e-01 3.758823529411765008e-01
1.480392156862745112e-01 3.980392156862744835e-01 3.711764705882353299e-01
1.558823529411764719e-01 4.058823529411764719e-01 3.664705882352941035e-01
1.637254901960784048e-01 4.137254901960784048e-01 3.617647058823529882e-01
1.715686274509803377e-01 4.215686274509803377e-01 3.570588235294118173e-01
1.794117647058823262e-01 4.294117647058823262e-01 3.523529411764705910e-01
1.872549019607843146e-01 4.372549019607843146e-01 3.476470588235294201e-01
1.950980392156862475e-01 4.450980392156862475e-01 3.429411764705882493e-01
2.029411764705881804e-01 4.529411764705881804e-01 3.382352941176470784e-01
2.107843137254901689e-01 4.607843137254901689e-01 3.335294117647059076e-01
2.186274509803921573e-01 4.686274509803921573e-01 3.288235294117647367e-01
2.264705882352940902e-01 4.764705882352940902e-01 3.241176470588235103e-01
2.343137254901959954e-01 4.843137254901960231e-01 3.194117647058823950e-01
2.421568627450980116e-01 4.921568627450980116e-01 3.147058823529411686e-01
2.499999999999999722e-01 5.000000000000000000e-01 3.099999999999999978e-01
2.578431372549019329e-01 5.078431372549019329e-01 3.052941176470588269e-01
2.656862745098038658e-01 5.156862745098038658e-01 3.005882352941177116e-01
2.735294117647058543e-01 5.235294117647057988e-01 2.958823529411764852e-01
2.813725490196078427e-01 5.313725490196078427e-01 2.911764705882353144e-01
2.892156862745097756e-01 5.392156862745097756e-01 2.864705882352941435e-01
2.970588235294117085e-01 5.470588235294117085e-01 2.817647058823529727e-01
3.049019607843136970e-01 5.549019607843137525e-01 2.770588235294118018e-01
3.127450980392156854e-01 5.627450980392156854e-01 2.723529411764705754e-01
3.205882352941176183e-01 5.705882352941176183e-01 2.676470588235294046e-01
3.284313725490195512e-01 5.784313725490195512e-01 2.629411764705882337e-01
3.362745098039215397e-01 5.862745098039214842e-01 2.582352941176470629e-01
3.441176470588235281e-01 5.941176470588235281e-01 2.535294117647058920e-01
3.527450980392156654e-01 6.015686274509803866e-01 2.496078431372548978e-01
3.637254901960784159e-01 6.078431372549019107e-01 2.480392156862745168e-01
3.747058823529409999e-01 6.141176470588234348e-01 2.464705882352941357e-01
3.856862745098039169e-01 6.203921568627450700e-01 2.449019607843137269e-01
3.966666666666666119e-01 6.266666666666667052e-01 2.433333333333333459e-01
4.076470588235293624e-01 6.329411764705882293e-01 2.417647058823529371e-01
4.186274509803921129e-01 6.392156862745097534e-01 2.401960784313725561e-01
4.296078431372548634e-01 6.454901960784313886e-01 2.386274509803921473e-01
4.405882352941176139e-01 6.517647058823529127e-01 2.370588235294117663e-01
4.515686274509803644e-01 6.580392156862745479e-01 2.354901960784313852e-01
4.625490196078429483e-01 6.643137254901959610e-01 2.339215686274510042e-01
4.735294117647058654e-01 6.705882352941177071e-01 2.323529411764705954e-01
4.845098039215686159e-01 6.768627450980392313e-01 2.307843137254901866e-01
4.954901960784313664e-01 6.831372549019607554e-01 2.292156862745098056e-01
5.064705882352941169e-01 6.894117647058823906e-01 2.276470588235294246e-01
5.174509803921568674e-01 6.956862745098039147e-01 2.260784313725490158e-01
5.284313725490195068e-01 7.019607843137254388e-01 2.245098039215686347e-01
5.394117647058822573e-01 7.082352941176470740e-01 2.229411764705882537e-01
5.503921568627448968e-01 7.145098039215684871e-01 2.213725490196078727e-01
5.613725490196077583e-01 7.207843137254902333e-01 2.198039215686274639e-01
5.723529411764705088e-01 7.270588235294117574e-01 2.182352941176470829e-01
5.833333333333332593e-01 7.333333333333333925e-01 2.166666666666666741e-01
5.943137254901960098e-01 7.396078431372549167e-01 2.150980392156862930e-01
6.052941176470587603e-01 7.458823529411764408e-01 2.135294117647058842e-01
6.162745098039215108e-01 7.521568627450980760e-01 2.119607843137255032e-01
6.272549019607842613e-01 7.584313725490196001e-01 2.103921568627450944e-01
6.382352941176467898e-01 7.647058823529411242e-01 2.088235294117647411e-01
6.492156862745097623e-01 7.709803921568627594e-01 2.072549019607843324e-01
6.601960784313725128e-01 7.772549019607843945e-01 2.056862745098039236e-01
6.711764705882352633e-01 7.835294117647059187e-01 2.041176470588235425e-01
6.821568627450980138e-01 7.898039215686274428e-01 2.025490196078431615e-01
6.931372549019607643e-01 7.960784313725490779e-01 2.009803921568627527e-01
7.035294117647058476e-01 8.023529411764706021e-01 2.082352941176470740e-01
7.129411764705881893e-01 8.086274509803922372e-01 2.301960784313725472e-01
7.223529411764704200e-01 8.149019607843136503e-01 2.521568627450977429e-01
7.317647058823528727e-01 8.211764705882352855e-01 2.741176470588235214e-01
7.411764705882352144e-01 8.274509803921569207e-01 2.960784313725490224e-01
7.505882352941175562e-01 8.337254901960784448e-01 3.180392156862745234e-01
7.600000000000000089e-01 8.400000000000000799e-01 3.399999999999999689e-01
7.694117647058823506e-01 8.462745098039216041e-01 3.619607843137254699e-01
7.788235294117646923e-01 8.525490196078431282e-01 3.839215686274509709e-01
7.882352941176470340e-01 8.588235294117647634e-01 4.058823529411764719e-01
7.976470588235292647e-01 8.650980392156861765e-01 4.278431372549016398e-01
8.070588235294117174e-01 8.713725490196078116e-01 4.498039215686274739e-01
8.164705882352940591e-01 8.776470588235294468e-01 4.717647058823529194e-01
8.258823529411765119e-01 8.839215686274509709e-01 4.937254901960784204e-01
8.352941176470587425e-01 8.901960784313726061e-01 5.156862745098038658e-01
8.447058823529411953e-01 8.964705882352941302e-01 5.376470588235293668e-01
8.541176470588234260e-01 9.027450980392156543e-01 5.596078431372548678e-01
8.635294117647058787e-01 9.090196078431372895e-01 5.815686274509803688e-01
8.729411764705881094e-01 9.152941176470587026e-01 6.035294117647055367e-01
8.823529411764705621e-01 9.215686274509804488e-01 6.254901960784313708e-01
8.917647058823529038e-01 9.278431372549019729e-01 6.474509803921568718e-01
9.011764705882352455e-01 9.341176470588234970e-01 6.694117647058823728e-01
9.105882352941175872e-01 9.403921568627451322e-01 6.913725490196077628e-01
9.199999999999999289e-01 9.466666666666666563e-01 7.133333333333333748e-01
9.294117647058823817e-01 9.529411764705881804e-01 7.352941176470586537e-01
9.388235294117646124e-01 9.592156862745098156e-01 7.572549019607841547e-01
9.482352941176468430e-01 9.654901960784312287e-01 7.792156862745094337e-01
9.576470588235294068e-01 9.717647058823529749e-01 8.011764705882351567e-01
9.670588235294117485e-01 9.780392156862744990e-01 8.231372549019606577e-01
9.764705882352940902e-01 9.843137254901961342e-01 8.450980392156861587e-01
9.858823529411764319e-01 9.905882352941176583e-01 8.670588235294116597e-01
9.952941176470588847e-01 9.968627450980391824e-01 8.890196078431371607e-01
1.000000000000000000e+00 9.937254901960784759e-01 8.968627450980392046e-01
1.000000000000000000e+00 9.811764705882353166e-01 8.905882352941176805e-01
1.000000000000000000e+00 9.686274509803921573e-01 8.843137254901960453e-01
1.000000000000000000e+00 9.560784313725489980e-01 8.780392156862745212e-01
1.000000000000000000e+00 9.435294117647062828e-01 8.717647058823531081e-01
1.000000000000000000e+00 9.309803921568627905e-01 8.654901960784313619e-01
1.000000000000000000e+00 9.184313725490196312e-01 8.592156862745098378e-01
1.000000000000000000e+00 9.058823529411764719e-01 8.529411764705882026e-01
1.000000000000000000e+00 8.933333333333333126e-01 8.466666666666666785e-01
1.000000000000000000e+00 8.807843137254901533e-01 8.403921568627450434e-01
1.000000000000000000e+00 8.682352941176469940e-01 8.341176470588235192e-01
1.000000000000000000e+00 8.556862745098039458e-01 8.278431372549019951e-01
1.000000000000000000e+00 8.431372549019607865e-01 8.215686274509803599e-01
1.000000000000000000e+00 8.305882352941176272e-01 8.152941176470588358e-01
1.000000000000000000e+00 8.180392156862744679e-01 8.090196078431372007e-01
1.000000000000000000e+00 8.054901960784313086e-01 8.027450980392156765e-01
1.000000000000000000e+00 7.929411764705882604e-01 7.964705882352940414e-01
1.000000000000000000e+00 7.803921568627451011e-01 7.901960784313725172e-01
1.000000000000000000e+00 7.678431372549019418e-01 7.839215686274509931e-01
1.000000000000000000e+00 7.552941176470587825e-01 7.776470588235293580e-01
1.000000000000000000e+00 7.427450980392160673e-01 7.713725490196079448e-01
1.000000000000000000e+00 7.301960784313725750e-01 7.650980392156863097e-01
1.000000000000000000e+00 7.176470588235293047e-01 7.588235294117646745e-01
1.000000000000000000e+00 7.050980392156862564e-01 7.525490196078430394e-01
1.000000000000000000e+00 6.925490196078430971e-01 7.462745098039215152e-01
1.000000000000000000e+00 6.799999999999999378e-01 7.399999999999999911e-01
1.000000000000000000e+00 6.674509803921568896e-01 7.337254901960783560e-01
1.000000000000000000e+00 6.549019607843136193e-01 7.274509803921568318e-01
1.000000000000000000e+00 6.423529411764705710e-01 7.211764705882353077e-01
1.000000000000000000e+00 6.298039215686274117e-01 7.149019607843136725e-01
1.000000000000000000e+00 6.172549019607842524e-01 7.086274509803921484e-01
1.000000000000000000e+00 6.047058823529412042e-01 7.023529411764705133e-01
9.970588235294117752e-01 5.941176470588235281e-01 6.980392156862744724e-01
9.923529411764705488e-01 5.847058823529411864e-01 6.949019607843136548e-01
9.876470588235294334e-01 5.752941176470588447e-01 6.917647058823529482e-01
9.829411764705882071e-01 5.658823529411765030e-01 6.886274509803921307e-01
9.782352941176472028e-01 5.564705882352943833e-01 6.854901960784314241e-01
9.735294117647058654e-01 5.470588235294117085e-01 6.823529411764704955e-01
9.688235294117647500e-01 5.376470588235293668e-01 6.792156862745097889e-01
9.641176470588235237e-01 5.282352941176470251e-01 6.760784313725489714e-01
9.594117647058824083e-01 5.188235294117646834e-01 6.729411764705881538e-01
9.547058823529411820e-01 5.094117647058823417e-01 6.698039215686274472e-01
9.499999999999999556e-01 5.000000000000000000e-01 6.666666666666666297e-01
9.452941176470588402e-01 4.905882352941176583e-01 6.635294117647058121e-01
9.405882352941176139e-01 4.811764705882353166e-01 6.603921568627451055e-01
9.358823529411764985e-01 4.717647058823529194e-01 6.572549019607842880e-01
9.311764705882352722e-01 4.623529411764705777e-01 6.541176470588234704e-01
9.264705882352941568e-01 4.529411764705882359e-01 6.509803921568627638e-01
9.217647058823529305e-01 4.435294117647058387e-01 6.478431372549019462e-01
9.170588235294117041e-01 4.341176470588234970e-01 6.447058823529411287e-01
9.123529411764705888e-01 4.247058823529411553e-01 6.415686274509803111e-01
9.076470588235293624e-01 4.152941176470588136e-01 6.384313725490196045e-01
9.029411764705883581e-01 4.058823529411766939e-01 6.352941176470588980e-01
8.982352941176470207e-01 3.964705882352941302e-01 6.321568627450979694e-01
8.935294117647059053e-01 3.870588235294117330e-01 6.290196078431372628e-01
8.888235294117646790e-01 3.776470588235293913e-01 6.258823529411764452e-01
8.841176470588234526e-01 3.682352941176470495e-01 6.227450980392156277e-01
8.794117647058823373e-01 3.588235294117646523e-01 6.196078431372549211e-01
8.747058823529412219e-01 3.494117647058823106e-01 6.164705882352941035e-01
8.699999999999999956e-01 3.399999999999999689e-01 6.133333333333332860e-01
8.652941176470587692e-01 3.305882352941176272e-01 6.101960784313724684e-01
8.605882352941176539e-01 3.211764705882352855e-01 6.070588235294117618e-01
8.558823529411764275e-01 3.117647058823529438e-01 6.039215686274509443e-01
8.511764705882352011e-01 3.023529411764705466e-01 6.007843137254901267e-01
8.417647058823529704e-01 2.952941176470588180e-01 5.999999999999999778e-01
8.307843137254902199e-01 2.890196078431372384e-01 5.999999999999999778e-01
8.198039215686274694e-01 2.827450980392156588e-01 5.999999999999999778e-01
8.088235294117647189e-01 2.764705882352941346e-01 5.999999999999999778e-01
7.978431372549023015e-01 2.701960784313727215e-01 5.999999999999999778e-01
7.868627450980392180e-01 2.639215686274509753e-01 5.999999999999999778e-01
7.758823529411764675e-01 2.576470588235293957e-01 5.999999999999999778e-01
7.649019607843137170e-01 2.513725490196078161e-01 5.999999999999999778e-01
7.539215686274509665e-01 2.450980392156862642e-01 5.999999999999999778e-01
7.429411764705882160e-01 2.388235294117647123e-01 5.999999999999999778e-01
7.319607843137254655e-01 2.325490196078431326e-01 5.999999999999999778e-01
7.209803921568627150e-01 2.262745098039215530e-01 5.999999999999999778e-01
7.099999999999999645e-01 2.199999999999999734e-01 5.999999999999999778e-01
6.990196078431372140e-01 2.137254901960784215e-01 5.999999999999999778e-01
6.880392156862744635e-01 2.074509803921568696e-01 5.999999999999999778e-01
6.770588235294117130e-01 2.011764705882352899e-01 5.999999999999999778e-01
6.660784313725489625e-01 1.949019607843137103e-01 5.999999999999999778e-01
6.550980392156862120e-01 1.886274509803921307e-01 5.999999999999999778e-01
6.441176470588234615e-01 1.823529411764705788e-01 5.999999999999999778e-01
6.331372549019607110e-01 1.760784313725490269e-01 5.999999999999999778e-01
6.221568627450984046e-01 1.698039215686276138e-01 5.999999999999999778e-01
6.111764705882353210e-01 1.635294117647058676e-01 5.999999999999999778e-01
6.001960784313725705e-01 1.572549019607843157e-01 5.999999999999999778e-01
5.892156862745097090e-01 1.509803921568627361e-01 5.999999999999999778e-01
5.782352941176470695e-01 1.447058823529411842e-01 5.999999999999999778e-01
5.672549019607843190e-01 1.384313725490196045e-01 5.999999999999999778e-01
5.562745098039215685e-01 1.321568627450980526e-01 5.999999999999999778e-01
5.452941176470588180e-01 1.258823529411764730e-01 5.999999999999999778e-01
5.343137254901960675e-01 1.196078431372548934e-01 5.999999999999999778e-01
5.233333333333333171e-01 1.133333333333333415e-01 5.999999999999999778e-01
5.123529411764705666e-01 1.070588235294117618e-01 5.999999999999999778e-01
5.013725490196078161e-01 1.007843137254902099e-01 5.999999999999999778e-01
4.917647058823529371e-01 9.725490196078431793e-02 5.917647058823529704e-01
4.823529411764705954e-01 9.411764705882352811e-02 5.823529411764705177e-01
4.729411764705882537e-01 9.098039215686275216e-02 5.729411764705881760e-01
4.635294117647058565e-01 8.784313725490196234e-02 5.635294117647058343e-01
4.541176470588237923e-01 8.470588235294126966e-02 5.541176470588238256e-01
4.447058823529411731e-01 8.156862745098039658e-02 5.447058823529411509e-01
4.352941176470588314e-01 7.843137254901960675e-02 5.352941176470588092e-01
4.258823529411764897e-01 7.529411764705883081e-02 5.258823529411764675e-01
4.164705882352941479e-01 7.215686274509804099e-02 5.164705882352941257e-01
4.070588235294117507e-01 6.901960784313726505e-02 5.070588235294117840e-01
3.976470588235294090e-01 6.588235294117647523e-02 4.976470588235293868e-01
3.882352941176470673e-01 6.274509803921568540e-02 4.882352941176470451e-01
3.788235294117647256e-01 5.960784313725490252e-02 4.788235294117647034e-01
3.694117647058823284e-01 5.647058823529411964e-02 4.694117647058823062e-01
3.599999999999999867e-01 5.333333333333333676e-02 4.599999999999999645e-01
3.505882352941176450e-01 5.019607843137255387e-02 4.505882352941176228e-01
3.411764705882353033e-01 4.705882352941176405e-02 4.411764705882352811e-01
3.317647058823529616e-01 4.392156862745098117e-02 4.317647058823529393e-01
3.223529411764706198e-01 4.078431372549019829e-02 4.223529411764705976e-01
3.129411764705882781e-01 3.764705882352941541e-02 4.129411764705882559e-01
3.035294117647061585e-01 3.450980392156871579e-02 4.035294117647061363e-01
2.941176470588235392e-01 3.137254901960784270e-02 3.941176470588235170e-01
2.847058823529411420e-01 2.823529411764706676e-02 3.847058823529411198e-01
2.752941176470588003e-01 2.509803921568627694e-02 3.752941176470587781e-01
2.658823529411764586e-01 2.196078431372548712e-02 3.658823529411764364e-01
2.564705882352941169e-01 1.882352941176471117e-02 3.564705882352940947e-01
2.470588235294117752e-01 1.568627450980392135e-02 3.470588235294117530e-01
2.376470588235294334e-01 1.254901960784313153e-02 3.376470588235294112e-01
2.282352941176470917e-01 9.411764705882355586e-03 3.282352941176470695e-01
2.188235294117646945e-01 6.274509803921565765e-03 3.188235294117646723e-01
2.094117647058823528e-01 3.137254901960789821e-03 3.094117647058823306e-01
2.000000000000000111e-01 0.000000000000000000e+00 2.999999999999999889e-01
