2.999999999999999889e-01 2.000000000000000111e-01 4.000000000000000222e-01
2.968627450980392268e-01 2.039215686274509776e-01 4.000000000000000222e-01
2.937254901960784093e-01 2.078431372549019718e-01 4.000000000000000222e-01
2.905882352941176472e-01 2.117647058823529660e-01 4.000000000000000222e-01
2.874509803921568296e-01 2.156862745098039325e-01 4.000000000000000222e-01
2.843137254901960675e-01 2.196078431372548989e-01 4.000000000000000222e-01
2.811764705882353055e-01 2.235294117647058931e-01 4.000000000000000222e-01
2.780392156862744879e-01 2.274509803921568873e-01 4.000000000000000222e-01
2.749019607843137258e-01 2.313725490196078538e-01 4.000000000000000222e-01
2.717647058823529083e-01 2.352941176470588203e-01 4.000000000000000222e-01
2.686274509803921462e-01 2.392156862745098145e-01 4.000000000000000222e-01
2.654901960784313841e-01 2.431372549019608087e-01 4.000000000000000222e-01
2.623529411764705666e-01 2.470588235294117752e-01 4.000000000000000222e-01
2.592156862745098045e-01 2.509803921568627416e-01 4.000000000000000222e-01
2.560784313725490424e-01 2.549019607843137081e-01 4.000000000000000222e-01
2.529411764705882248e-01 2.588235294117647300e-01 4.000000000000000222e-01
2.498039215686274350e-01 2.627450980392156965e-01 4.000000000000000222e-01
2.466666666666666452e-01 2.666666666666666630e-01 4.000000000000000222e-01
2.435294117647058831e-01 2.705882352941176849e-01 4.000000000000000222e-01
2.403921568627450933e-01 2.745098039215686514e-01 4.000000000000000222e-01
2.372549019607843035e-01 2.784313725490196179e-01 4.000000000000000222e-01
2.341176470588235414e-01 2.823529411764705843e-01 4.000000000000000222e-01
2.309803921568627239e-01 2.862745098039215508e-01 4.000000000000000222e-01
2.278431372549019618e-01 2.901960784313725727e-01 4.000000000000000222e-01
2.247058823529411720e-01 2.941176470588235392e-01 4.000000000000000222e-01
2.215686274509803821e-01 2.980392156862745057e-01 4.000000000000000222e-01
2.184313725490196201e-01 3.019607843137255276e-01 4.000000000000000222e-01
2.152941176470588025e-01 3.058823529411764941e-01 4.000000000000000222e-01
2.121568627450980404e-01 3.098039215686274606e-01 4.000000000000000222e-01
2.090196078431372506e-01 3.137254901960784270e-01 4.000000000000000222e-01
2.058823529411764608e-01 3.176470588235293935e-01 4.000000000000000222e-01
2.027450980392156987e-01 3.215686274509804154e-01 4.000000000000000222e-01
1.996078431372548811e-01 3.254901960784313819e-01 4.000000000000000222e-01
1.964705882352941191e-01 3.294117647058823484e-01 4.000000000000000222e-01
1.933333333333333293e-01 3.333333333333333703e-01 4.000000000000000222e-01
1.901960784313725394e-01 3.372549019607843368e-01 4.000000000000000222e-01
1.870588235294117774e-01 3.411764705882353033e-01 4.000000000000000222e-01
1.839215686274509876e-01 3.450980392156862697e-01 4.000000000000000222e-01
1.807843137254901977e-01 3.490196078431372362e-01 4.000000000000000222e-01
1.776470588235294079e-01 3.529411764705882582e-01 4.000000000000000222e-01
1.745098039215686181e-01 3.568627450980392246e-01 4.000000000000000222e-01
1.713725490196078560e-01 3.607843137254901911e-01 4.000000000000000222e-01
1.682352941176470662e-01 3.647058823529412130e-01 4.000000000000000222e-01
1.650980392156862764e-01 3.686274509803921795e-01 4.000000000000000222e-01
1.619607843137254866e-01 3.725490196078431460e-01 4.000000000000000222e-01
1.588235294117647245e-01 3.764705882352941124e-01 4.000000000000000222e-01
1.556862745098039347e-01 3.803921568627450789e-01 4.000000000000000222e-01
1.525490196078431171e-01 3.843137254901961009e-01 4.000000000000000222e-01
1.494117647058823550e-01 3.882352941176470673e-01 4.000000000000000222e-01
1.462745098039215930e-01 3.921568627450980338e-01 4.000000000000000222e-01
1.431372549019607754e-01 3.960784313725490557e-01 4.000000000000000222e-01
1.399999999999999856e-01 4.000000000000000222e-01 4.000000000000000222e-01
1.368627450980392235e-01 4.039215686274509887e-01 4.000000000000000222e-01
1.337254901960784337e-01 4.078431372549019551e-01 4.000000000000000222e-01
1.305882352941176439e-01 4.117647058823529216e-01 4.000000000000000222e-01
1.274509803921568540e-01 4.156862745098039436e-01 4.000000000000000222e-01
1.243137254901960920e-01 4.196078431372549100e-01 4.000000000000000222e-01
1.211764705882353022e-01 4.235294117647058765e-01 4.000000000000000222e-01
1.180392156862745123e-01 4.274509803921568984e-01 4.000000000000000222e-01
1.149019607843137225e-01 4.313725490196078649e-01 4.000000000000000222e-01
1.117647058823529604e-01 4.352941176470588314e-01 4.000000000000000222e-01
1.086274509803921706e-01 4.392156862745097978e-01 4.000000000000000222e-01
1.054901960784313808e-01 4.431372549019607643e-01 4.000000000000000222e-01
1.023529411764705910e-01 4.470588235294117863e-01 4.000000000000000222e-01
1.007843137254901961e-01 4.507843137254902155e-01 3.992156862745098178e-01
1.039215686274509859e-01 4.539215686274509776e-01 3.960784313725490557e-01
1.070588235294117202e-01 4.570588235294117396e-01 3.929411764705882937e-01
1.101960784313725517e-01 4.601960784313725572e-01 3.898039215686274761e-01
1.133333333333333415e-01 4.633333333333333193e-01 3.866666666666667140e-01
1.164705882352941174e-01 4.664705882352941368e-01 3.835294117647058965e-01
1.196078431372549072e-01 4.696078431372548989e-01 3.803921568627451344e-01
1.227450980392156832e-01 4.727450980392157165e-01 3.772549019607843168e-01
1.258823529411764730e-01 4.758823529411764786e-01 3.741176470588235548e-01
1.290196078431372628e-01 4.790196078431372406e-01 3.709803921568627372e-01
1.321568627450979971e-01 4.821568627450980027e-01 3.678431372549020306e-01
1.352941176470588425e-01 4.852941176470588203e-01 3.647058823529412130e-01
1.384313725490196045e-01 4.884313725490196378e-01 3.615686274509803955e-01
1.415686274509803944e-01 4.915686274509803999e-01 3.584313725490196334e-01
1.447058823529411842e-01 4.947058823529412175e-01 3.552941176470588713e-01
1.478431372549019740e-01 4.978431372549019795e-01 3.521568627450980538e-01
1.509803921568627361e-01 5.009803921568627416e-01 3.490196078431372917e-01
1.541176470588235259e-01 5.041176470588235592e-01 3.458823529411764741e-01
1.572549019607842602e-01 5.072549019607842657e-01 3.427450980392157676e-01
1.603921568627451055e-01 5.103921568627450833e-01 3.396078431372548945e-01
1.635294117647058676e-01 5.135294117647059009e-01 3.364705882352941324e-01
1.666666666666666574e-01 5.166666666666667185e-01 3.333333333333333703e-01
1.698039215686274472e-01 5.198039215686274250e-01 3.301960784313725528e-01
1.729411764705882371e-01 5.229411764705882426e-01 3.270588235294117907e-01
1.760784313725490269e-01 5.260784313725490602e-01 3.239215686274510286e-01
1.792156862745097889e-01 5.292156862745098778e-01 3.207843137254902111e-01
1.823529411764705510e-01 5.323529411764705843e-01 3.176470588235295045e-01
1.854901960784313686e-01 5.354901960784314019e-01 3.145098039215686314e-01
1.886274509803921307e-01 5.386274509803921084e-01 3.113725490196078693e-01
1.917647058823529482e-01 5.417647058823529260e-01 3.082352941176470518e-01
1.949019607843137103e-01 5.449019607843137436e-01 3.050980392156862897e-01
1.980392156862745001e-01 5.480392156862745612e-01 3.019607843137255276e-01
2.011764705882352899e-01 5.511764705882352677e-01 2.988235294117647101e-01
2.043137254901960798e-01 5.543137254901960853e-01 2.956862745098039480e-01
2.074509803921568141e-01 5.574509803921567919e-01 2.925490196078431859e-01
2.105882352941176316e-01 5.605882352941176094e-01 2.894117647058823684e-01
2.137254901960784215e-01 5.637254901960784270e-01 2.862745098039216063e-01
2.168627450980392113e-01 5.668627450980392446e-01 2.831372549019607887e-01
2.199999999999999734e-01 5.700000000000000622e-01 2.800000000000000266e-01
2.231372549019607909e-01 5.731372549019607687e-01 2.768627450980392091e-01
2.262745098039215530e-01 5.762745098039215863e-01 2.737254901960784470e-01
2.294117647058823428e-01 5.794117647058824039e-01 2.705882352941176849e-01
2.325490196078430771e-01 5.825490196078431104e-01 2.674509803921569229e-01
2.356862745098039225e-01 5.856862745098039280e-01 2.643137254901960498e-01
2.388235294117646845e-01 5.888235294117647456e-01 2.611764705882353432e-01
2.419607843137255021e-01 5.919607843137255632e-01 2.580392156862745257e-01
2.450980392156862642e-01 5.950980392156862697e-01 2.549019607843137081e-01
2.482352941176470540e-01 5.982352941176470873e-01 2.517647058823529460e-01
2.513725490196078161e-01 6.013725490196077939e-01 2.486274509803921839e-01
2.545098039215686336e-01 6.045098039215686114e-01 2.454901960784313664e-01
2.576470588235293402e-01 6.076470588235294290e-01 2.423529411764706598e-01
2.607843137254901578e-01 6.107843137254902466e-01 2.392156862745098145e-01
2.639215686274509753e-01 6.139215686274510642e-01 2.360784313725490247e-01
2.670588235294117929e-01 6.170588235294117707e-01 2.329411764705882348e-01
2.701960784313724995e-01 6.201960784313725883e-01 2.298039215686274728e-01
2.733333333333333171e-01 6.233333333333332948e-01 2.266666666666666829e-01
2.764705882352941346e-01 6.264705882352941124e-01 2.235294117647058931e-01
2.796078431372548967e-01 6.296078431372549300e-01 2.203921568627451033e-01
2.827450980392156588e-01 6.327450980392156366e-01 2.172549019607843690e-01
2.858823529411764763e-01 6.358823529411765652e-01 2.141176470588235237e-01
2.890196078431372384e-01 6.390196078431372717e-01 2.109803921568627616e-01
2.921568627450980005e-01 6.421568627450980893e-01 2.078431372549019718e-01
2.952941176470588180e-01 6.452941176470587958e-01 2.047058823529411820e-01
2.984313725490196356e-01 6.484313725490196134e-01 2.015686274509803921e-01
3.050980392156862897e-01 6.496078431372549478e-01 2.039215686274509776e-01
3.152941176470588358e-01 6.488235294117646879e-01 2.117647058823529382e-01
3.254901960784313819e-01 6.480392156862745390e-01 2.196078431372548989e-01
3.356862745098039280e-01 6.472549019607842791e-01 2.274509803921568596e-01
3.458823529411761410e-01 6.464705882352941302e-01 2.352941176470585982e-01
3.560784313725490202e-01 6.456862745098039813e-01 2.431372549019607809e-01
3.662745098039215663e-01 6.449019607843137214e-01 2.509803921568627416e-01
3.764705882352941124e-01 6.441176470588235725e-01 2.588235294117647300e-01
3.866666666666666585e-01 6.433333333333333126e-01 2.666666666666666630e-01
3.968627450980392046e-01 6.425490196078431637e-01 2.745098039215686514e-01
4.070588235294117507e-01 6.417647058823529038e-01 2.823529411764705843e-01
4.172549019607842968e-01 6.409803921568627549e-01 2.901960784313725172e-01
4.274509803921568429e-01 6.401960784313726061e-01 2.980392156862745057e-01
4.376470588235293890e-01 6.394117647058823461e-01 3.058823529411764941e-01
4.478431372549019351e-01 6.386274509803921973e-01 3.137254901960784270e-01
4.580392156862744812e-01 6.378431372549019374e-01 3.215686274509803599e-01
4.682352941176470273e-01 6.370588235294117885e-01 3.294117647058823484e-01
4.784313725490195734e-01 6.362745098039215286e-01 3.372549019607843368e-01
4.886274509803921751e-01 6.354901960784313797e-01 3.450980392156862697e-01
4.988235294117646657e-01 6.347058823529412308e-01 3.529411764705882026e-01
5.090196078431369342e-01 6.339215686274509709e-01 3.607843137254899690e-01
5.192156862745097579e-01 6.331372549019608220e-01 3.686274509803921795e-01
5.294117647058823595e-01 6.323529411764705621e-01 3.764705882352941124e-01
5.396078431372548501e-01 6.315686274509804132e-01 3.843137254901960453e-01
5.498039215686274517e-01 6.307843137254901533e-01 3.921568627450980338e-01
5.599999999999999423e-01 6.300000000000000044e-01 4.000000000000000222e-01
5.701960784313724329e-01 6.292156862745098556e-01 4.078431372549019551e-01
5.803921568627450345e-01 6.284313725490195957e-01 4.156862745098038880e-01
5.905882352941176361e-01 6.276470588235294468e-01 4.235294117647058765e-01
6.007843137254902377e-01 6.268627450980391869e-01 4.313725490196078649e-01
6.109803921568627283e-01 6.260784313725490380e-01 4.392156862745097978e-01
6.211764705882352189e-01 6.252941176470587781e-01 4.470588235294117307e-01
6.313725490196078205e-01 6.245098039215686292e-01 4.549019607843136637e-01
6.415686274509804221e-01 6.237254901960784803e-01 4.627450980392156521e-01
6.517647058823528017e-01 6.229411764705882204e-01 4.705882352941175850e-01
6.619607843137254033e-01 6.221568627450980715e-01 4.784313725490195734e-01
6.721568627450976718e-01 6.213725490196078116e-01 4.862745098039212843e-01
6.823529411764706065e-01 6.205882352941176627e-01 4.941176470588234948e-01
6.925490196078429861e-01 6.198039215686274028e-01 5.019607843137254832e-01
7.027450980392155877e-01 6.190196078431372539e-01 5.098039215686274161e-01
7.129411764705881893e-01 6.182352941176471051e-01 5.176470588235293491e-01
7.231372549019607909e-01 6.174509803921568452e-01 5.254901960784312820e-01
7.333333333333331705e-01 6.166666666666666963e-01 5.333333333333332149e-01
7.435294117647057721e-01 6.158823529411764364e-01 5.411764705882352589e-01
7.537254901960783737e-01 6.150980392156862875e-01 5.490196078431371918e-01
7.639215686274509753e-01 6.143137254901960276e-01 5.568627450980392357e-01
7.741176470588233549e-01 6.135294117647058787e-01 5.647058823529411686e-01
7.843137254901959565e-01 6.127450980392157298e-01 5.725490196078431016e-01
7.945098039215685581e-01 6.119607843137254699e-01 5.803921568627450345e-01
8.047058823529411598e-01 6.111764705882353210e-01 5.882352941176469674e-01
8.149019607843135393e-01 6.103921568627450611e-01 5.960784313725489003e-01
8.250980392156861409e-01 6.096078431372549122e-01 6.039215686274509443e-01
8.352941176470585205e-01 6.088235294117647634e-01 6.117647058823526551e-01
8.454901960784313442e-01 6.080392156862745034e-01 6.196078431372549211e-01
8.556862745098037237e-01 6.072549019607842435e-01 6.274509803921568540e-01
8.658823529411763253e-01 6.064705882352940947e-01 6.352941176470587870e-01
8.760784313725489270e-01 6.056862745098039458e-01 6.431372549019607199e-01
8.862745098039215286e-01 6.049019607843136859e-01 6.509803921568626528e-01
8.964705882352939081e-01 6.041176470588235370e-01 6.588235294117645857e-01
9.066666666666665098e-01 6.033333333333332771e-01 6.666666666666666297e-01
9.168627450980391114e-01 6.025490196078431282e-01 6.745098039215685626e-01
9.270588235294117130e-01 6.017647058823528683e-01 6.823529411764706065e-01
9.372549019607840926e-01 6.009803921568627194e-01 6.901960784313725394e-01
9.474509803921566942e-01 6.001960784313725705e-01 6.980392156862744724e-01
9.505882352941176228e-01 6.029411764705882026e-01 7.035294117647058476e-01
9.513725490196077716e-01 6.068627450980391691e-01 7.082352941176469630e-01
9.521568627450980316e-01 6.107843137254901356e-01 7.129411764705881893e-01
9.529411764705881804e-01 6.147058823529411020e-01 7.176470588235294157e-01
9.537254901960783293e-01 6.186274509803920685e-01 7.223529411764704200e-01
9.545098039215685892e-01 6.225490196078431460e-01 7.270588235294117574e-01
9.552941176470587381e-01 6.264705882352941124e-01 7.317647058823528727e-01
9.560784313725489980e-01 6.303921568627450789e-01 7.364705882352940991e-01
9.568627450980391469e-01 6.343137254901960453e-01 7.411764705882352144e-01
9.576470588235294068e-01 6.382352941176470118e-01 7.458823529411764408e-01
9.584313725490195557e-01 6.421568627450979783e-01 7.505882352941175562e-01
9.592156862745098156e-01 6.460784313725489447e-01 7.552941176470587825e-01
9.599999999999999645e-01 6.500000000000000222e-01 7.600000000000000089e-01
9.607843137254901134e-01 6.539215686274509887e-01 7.647058823529411242e-01
9.615686274509803733e-01 6.578431372549019551e-01 7.694117647058823506e-01
9.623529411764705221e-01 6.617647058823529216e-01 7.741176470588234659e-01
9.631372549019607820e-01 6.656862745098038880e-01 7.788235294117646923e-01
9.639215686274509309e-01 6.696078431372548545e-01 7.835294117647058076e-01
9.647058823529411908e-01 6.735294117647058210e-01 7.882352941176470340e-01
9.654901960784313397e-01 6.774509803921568984e-01 7.929411764705882604e-01
9.662745098039214886e-01 6.813725490196077539e-01 7.976470588235292647e-01
9.670588235294117485e-01 6.852941176470588314e-01 8.023529411764706021e-01
9.678431372549018974e-01 6.892156862745097978e-01 8.070588235294117174e-01
9.686274509803921573e-01 6.931372549019607643e-01 8.117647058823529438e-01
9.694117647058823062e-01 6.970588235294117307e-01 8.164705882352940591e-01
9.701960784313725661e-01 7.009803921568626972e-01 8.211764705882352855e-01
9.709803921568627150e-01 7.049019607843136637e-01 8.258823529411765119e-01
9.717647058823528639e-01 7.088235294117646301e-01 8.305882352941176272e-01
9.725490196078431238e-01 7.127450980392157076e-01 8.352941176470587425e-01
9.733333333333332726e-01 7.166666666666666741e-01 8.399999999999999689e-01
9.741176470588235325e-01 7.205882352941176405e-01 8.447058823529411953e-01
9.749019607843136814e-01 7.245098039215686070e-01 8.494117647058823106e-01
9.756862745098039413e-01 7.284313725490195734e-01 8.541176470588234260e-01
9.764705882352940902e-01 7.323529411764705399e-01 8.588235294117646523e-01
9.772549019607842391e-01 7.362745098039215064e-01 8.635294117647058787e-01
9.780392156862744990e-01 7.401960784313725839e-01 8.682352941176469940e-01
9.788235294117646479e-01 7.441176470588233283e-01 8.729411764705881094e-01
9.796078431372549078e-01 7.480392156862745168e-01 8.776470588235294468e-01
9.803921568627450567e-01 7.519607843137254832e-01 8.823529411764705621e-01
9.811764705882353166e-01 7.558823529411764497e-01 8.870588235294117885e-01
9.819607843137254655e-01 7.598039215686274161e-01 8.917647058823529038e-01
9.827450980392156143e-01 7.637254901960783826e-01 8.964705882352941302e-01
9.835294117647058743e-01 7.676470588235293491e-01 9.011764705882352455e-01
9.843137254901960231e-01 7.715686274509803155e-01 9.058823529411764719e-01
9.850980392156862830e-01 7.754901960784312820e-01 9.105882352941175872e-01
9.858823529411764319e-01 7.794117647058823595e-01 9.152941176470588136e-01
9.866666666666666918e-01 7.833333333333333259e-01 9.199999999999999289e-01
9.874509803921568407e-01 7.872549019607842924e-01 9.247058823529411553e-01
9.882352941176471006e-01 7.911764705882352589e-01 9.294117647058823817e-01
9.890196078431372495e-01 7.950980392156862253e-01 9.341176470588234970e-01
9.898039215686273984e-01 7.990196078431371918e-01 9.388235294117646124e-01
9.905882352941176583e-01 8.029411764705882693e-01 9.435294117647058387e-01
9.913725490196078072e-01 8.068627450980390137e-01 9.482352941176468430e-01
9.921568627450980671e-01 8.107843137254902022e-01 9.529411764705881804e-01
9.929411764705882160e-01 8.147058823529411686e-01 9.576470588235294068e-01
9.937254901960784759e-01 8.186274509803921351e-01 9.623529411764706332e-01
9.945098039215686248e-01 8.225490196078431016e-01 9.670588235294117485e-01
9.952941176470587736e-01 8.264705882352940680e-01 9.717647058823528639e-01
9.960784313725490335e-01 8.303921568627450345e-01 9.764705882352940902e-01
9.968627450980391824e-01 8.343137254901960009e-01 9.811764705882353166e-01
9.976470588235294423e-01 8.382352941176469674e-01 9.858823529411764319e-01
9.984313725490195912e-01 8.421568627450980449e-01 9.905882352941176583e-01
9.992156862745098511e-01 8.460784313725490113e-01 9.952941176470588847e-01
1.000000000000000000e+00 8.499999999999999778e-01 1.000000000000000000e+00
