1.000000000000000056e-01 3.499999999999999778e-01 2.500000000000000000e-01
1.000000000000000056e-01 3.558823529411764275e-01 2.582352941176470629e-01
1.000000000000000056e-01 3.617647058823529327e-01 2.664705882352941257e-01
1.000000000000000056e-01 3.676470588235293824e-01 2.747058823529411886e-01
1.000000000000000056e-01 3.735294117647058876e-01 2.829411764705882515e-01
1.000000000000000056e-01 3.794117647058823373e-01 2.911764705882353144e-01
1.000000000000000056e-01 3.852941176470587870e-01 2.994117647058823772e-01
1.000000000000000056e-01 3.911764705882352922e-01 3.076470588235293846e-01
1.000000000000000056e-01 3.970588235294117418e-01 3.158823529411764475e-01
1.000000000000000056e-01 4.029411764705881915e-01 3.241176470588235103e-01
1.000000000000000056e-01 4.088235294117646967e-01 3.323529411764705732e-01
1.000000000000000056e-01 4.147058823529411464e-01 3.405882352941176361e-01
1.000000000000000056e-01 4.205882352941175961e-01 3.488235294117646990e-01
1.000000000000000056e-01 4.264705882352941013e-01 3.570588235294117618e-01
1.000000000000000056e-01 4.323529411764705510e-01 3.652941176470588247e-01
1.000000000000000056e-01 4.382352941176470562e-01 3.735294117647058876e-01
1.000000000000000056e-01 4.441176470588235059e-01 3.817647058823528949e-01
1.000000000000000056e-01 4.499999999999999556e-01 3.900000000000000133e-01
1.000000000000000056e-01 4.558823529411764608e-01 3.982352941176470207e-01
1.000000000000000056e-01 4.617647058823529105e-01 4.064705882352941391e-01
1.000000000000000056e-01 4.676470588235294157e-01 4.147058823529411464e-01
1.000000000000000056e-01 4.735294117647058654e-01 4.229411764705882648e-01
1.000000000000000056e-01 4.794117647058823151e-01 4.311764705882352722e-01
1.000000000000000056e-01 4.852941176470587648e-01 4.394117647058823350e-01
1.000000000000000056e-01 4.911764705882352700e-01 4.476470588235293979e-01
1.000000000000000056e-01 4.970588235294117752e-01 4.558823529411764608e-01
1.000000000000000056e-01 5.029411764705882248e-01 4.641176470588235237e-01
1.000000000000000056e-01 5.088235294117646745e-01 4.723529411764705310e-01
1.000000000000000056e-01 5.147058823529411242e-01 4.805882352941176494e-01
1.000000000000000056e-01 5.205882352941175739e-01 4.888235294117646568e-01
1.000000000000000056e-01 5.264705882352941346e-01 4.970588235294117752e-01
1.000000000000000056e-01 5.323529411764705843e-01 5.052941176470587825e-01
1.000000000000000056e-01 5.382352941176470340e-01 5.135294117647057899e-01
1.000000000000000056e-01 5.441176470588234837e-01 5.217647058823529083e-01
1.000000000000000056e-01 5.500000000000000444e-01 5.300000000000000266e-01
1.000000000000000056e-01 5.558823529411764941e-01 5.382352941176470340e-01
1.000000000000000056e-01 5.617647058823529438e-01 5.464705882352940414e-01
1.000000000000000056e-01 5.676470588235293935e-01 5.547058823529411598e-01
1.000000000000000056e-01 5.735294117647058432e-01 5.629411764705882781e-01
1.000000000000000056e-01 5.794117647058822929e-01 5.711764705882352855e-01
1.000000000000000056e-01 5.852941176470587425e-01 5.794117647058822929e-01
1.000000000000000056e-01 5.911764705882351922e-01 5.876470588235293002e-01
1.000000000000000056e-01 5.970588235294117530e-01 5.958823529411765296e-01
1.070588235294117757e-01 6.017647058823528683e-01 6.047058823529412042e-01
1.211764705882353022e-01 6.052941176470587603e-01 6.141176470588235459e-01
1.352941176470587314e-01 6.088235294117646523e-01 6.235294117647057766e-01
1.494117647058823550e-01 6.123529411764705443e-01 6.329411764705882293e-01
1.635294117647058676e-01 6.158823529411764364e-01 6.423529411764705710e-01
1.776470588235294357e-01 6.194117647058823284e-01 6.517647058823529127e-01
1.917647058823528372e-01 6.229411764705882204e-01 6.611764705882352544e-01
2.058823529411764608e-01 6.264705882352941124e-01 6.705882352941175961e-01
2.200000000000000011e-01 6.300000000000000044e-01 6.799999999999999378e-01
2.341176470588235414e-01 6.335294117647058965e-01 6.894117647058823906e-01
2.482352941176469707e-01 6.370588235294116775e-01 6.988235294117646212e-01
2.623529411764705666e-01 6.405882352941176805e-01 7.082352941176470740e-01
2.764705882352941346e-01 6.441176470588234615e-01 7.176470588235294157e-01
2.905882352941176472e-01 6.476470588235293535e-01 7.270588235294117574e-01
3.047058823529410487e-01 6.511764705882352455e-01 7.364705882352939881e-01
3.188235294117647278e-01 6.547058823529411375e-01 7.458823529411764408e-01
3.329411764705882404e-01 6.582352941176470296e-01 7.552941176470587825e-01
3.470588235294117530e-01 6.617647058823529216e-01 7.647058823529411242e-01
3.611764705882352100e-01 6.652941176470588136e-01 7.741176470588234659e-01
3.752941176470587781e-01 6.688235294117647056e-01 7.835294117647058076e-01
3.894117647058823461e-01 6.723529411764705976e-01 7.929411764705882604e-01
4.035294117647059142e-01 6.758823529411764897e-01 8.023529411764706021e-01
4.176470588235293713e-01 6.794117647058823817e-01 8.117647058823529438e-01
4.317647058823527173e-01 6.829411764705881627e-01 8.211764705882351745e-01
4.458823529411763964e-01 6.864705882352940547e-01 8.305882352941176272e-01
4.599999999999999645e-01 6.899999999999999467e-01 8.399999999999999689e-01
4.741176470588235325e-01 6.935294117647058387e-01 8.494117647058823106e-01
4.882352941176471006e-01 6.970588235294117307e-01 8.588235294117647634e-01
5.023529411764705577e-01 7.005882352941176228e-01 8.682352941176469940e-01
5.164705882352941257e-01 7.041176470588235148e-01 8.776470588235294468e-01
5.305882352941176938e-01 7.076470588235294068e-01 8.870588235294116775e-01
5.447058823529410398e-01 7.111764705882352988e-01 8.964705882352939081e-01
5.588235294117646079e-01 7.147058823529411908e-01 9.058823529411764719e-01
5.729411764705881760e-01 7.182352941176470829e-01 9.152941176470588136e-01
5.870588235294117441e-01 7.217647058823529749e-01 9.247058823529411553e-01
6.011764705882353121e-01 7.252941176470588669e-01 9.341176470588234970e-01
6.152941176470587692e-01 7.288235294117646479e-01 9.435294117647058387e-01
6.294117647058823373e-01 7.323529411764706509e-01 9.529411764705881804e-01
6.435294117647057943e-01 7.358823529411764319e-01 9.623529411764706332e-01
6.576470588235291403e-01 7.394117647058823239e-01 9.717647058823528639e-01
6.717647058823528194e-01 7.429411764705882160e-01 9.811764705882353166e-01
6.858823529411763875e-01 7.464705882352941080e-01 9.905882352941176583e-01
6.999999999999999556e-01 7.500000000000000000e-01 1.000000000000000000e+00
7.070588235294117396e-01 7.558823529411764497e-01 9.976470588235294423e-01
7.141176470588235237e-01 7.617647058823528994e-01 9.952941176470587736e-01
7.211764705882353077e-01 7.676470588235294601e-01 9.929411764705882160e-01
7.282352941176469807e-01 7.735294117647059098e-01 9.905882352941176583e-01
7.352941176470586537e-01 7.794117647058822484e-01 9.882352941176471006e-01
7.423529411764705488e-01 7.852941176470588092e-01 9.858823529411764319e-01
7.494117647058823328e-01 7.911764705882352589e-01 9.835294117647058743e-01
7.564705882352941169e-01 7.970588235294118196e-01 9.811764705882353166e-01
7.635294117647057899e-01 8.029411764705882693e-01 9.788235294117647589e-01
7.705882352941175739e-01 8.088235294117647189e-01 9.764705882352940902e-01
7.776470588235293580e-01 8.147058823529411686e-01 9.741176470588235325e-01
7.847058823529411420e-01 8.205882352941176183e-01 9.717647058823529749e-01
7.917647058823528150e-01 8.264705882352940680e-01 9.694117647058824172e-01
7.988235294117647101e-01 8.323529411764706287e-01 9.670588235294117485e-01
8.058823529411764941e-01 8.382352941176470784e-01 9.647058823529411908e-01
8.129411764705881671e-01 8.441176470588235281e-01 9.623529411764706332e-01
8.199999999999999512e-01 8.499999999999999778e-01 9.599999999999999645e-01
8.270588235294117352e-01 8.558823529411764275e-01 9.576470588235294068e-01
8.341176470588235192e-01 8.617647058823529882e-01 9.552941176470588491e-01
8.411764705882353033e-01 8.676470588235294379e-01 9.529411764705882915e-01
8.482352941176469763e-01 8.735294117647057766e-01 9.505882352941177338e-01
8.552941176470587603e-01 8.794117647058823373e-01 9.482352941176470651e-01
8.623529411764705443e-01 8.852941176470587870e-01 9.458823529411765074e-01
8.694117647058823284e-01 8.911764705882352366e-01 9.435294117647059498e-01
8.764705882352941124e-01 8.970588235294117974e-01 9.411764705882352811e-01
8.835294117647058965e-01 9.029411764705882470e-01 9.388235294117647234e-01
8.905882352941176805e-01 9.088235294117646967e-01 9.364705882352941657e-01
8.976470588235293535e-01 9.147058823529411464e-01 9.341176470588234970e-01
9.047058823529410265e-01 9.205882352941175961e-01 9.317647058823529393e-01
9.117647058823529216e-01 9.264705882352941568e-01 9.294117647058823817e-01
9.188235294117647056e-01 9.323529411764706065e-01 9.270588235294118240e-01
9.258823529411764897e-01 9.382352941176470562e-01 9.247058823529411553e-01
9.329411764705881627e-01 9.441176470588235059e-01 9.223529411764705976e-01
9.399999999999999467e-01 9.499999999999999556e-01 9.200000000000000400e-01
9.470588235294117307e-01 9.558823529411764053e-01 9.176470588235294823e-01
9.541176470588235148e-01 9.617647058823529660e-01 9.152941176470588136e-01
9.611764705882351878e-01 9.676470588235293047e-01 9.129411764705882559e-01
9.682352941176470829e-01 9.735294117647058654e-01 9.105882352941176983e-01
9.752941176470588669e-01 9.794117647058823151e-01 9.082352941176470296e-01
9.823529411764706509e-01 9.852941176470588758e-01 9.058823529411764719e-01
9.894117647058824350e-01 9.911764705882353255e-01 9.035294117647059142e-01
9.964705882352941080e-01 9.970588235294117752e-01 9.011764705882353566e-01
9.988235294117646657e-01 9.958823529411764408e-01 8.894117647058823461e-01
9.964705882352941080e-01 9.876470588235294334e-01 8.682352941176471051e-01
9.941176470588235503e-01 9.794117647058823151e-01 8.470588235294117530e-01
9.917647058823529926e-01 9.711764705882353077e-01 8.258823529411765119e-01
9.894117647058824350e-01 9.629411764705885224e-01 8.047058823529418259e-01
9.870588235294117663e-01 9.547058823529411820e-01 7.835294117647059187e-01
9.847058823529412086e-01 9.464705882352941746e-01 7.623529411764705666e-01
9.823529411764705399e-01 9.382352941176470562e-01 7.411764705882353255e-01
9.799999999999999822e-01 9.300000000000000488e-01 7.199999999999999734e-01
9.776470588235294246e-01 9.217647058823529305e-01 6.988235294117647323e-01
9.752941176470588669e-01 9.135294117647059231e-01 6.776470588235293802e-01
9.729411764705881982e-01 9.052941176470588047e-01 6.564705882352941391e-01
9.705882352941176405e-01 8.970588235294117974e-01 6.352941176470587870e-01
9.682352941176470829e-01 8.888235294117646790e-01 6.141176470588235459e-01
9.658823529411765252e-01 8.805882352941176716e-01 5.929411764705883048e-01
9.635294117647058565e-01 8.723529411764705532e-01 5.717647058823529527e-01
9.611764705882352988e-01 8.641176470588235459e-01 5.505882352941176006e-01
9.588235294117647411e-01 8.558823529411765385e-01 5.294117647058823595e-01
9.564705882352941835e-01 8.476470588235294201e-01 5.082352941176471184e-01
9.541176470588235148e-01 8.394117647058823017e-01 4.870588235294118218e-01
9.517647058823530681e-01 8.311764705882355164e-01 4.658823529411770803e-01
9.494117647058823994e-01 8.229411764705882870e-01 4.447058823529412286e-01
9.470588235294117307e-01 8.147058823529411686e-01 4.235294117647058765e-01
9.447058823529411731e-01 8.064705882352940502e-01 4.023529411764705799e-01
9.423529411764706154e-01 7.982352941176471539e-01 3.811764705882353388e-01
9.400000000000000577e-01 7.900000000000000355e-01 3.599999999999999867e-01
9.376470588235293890e-01 7.817647058823529171e-01 3.388235294117647456e-01
9.352941176470588314e-01 7.735294117647059098e-01 3.176470588235293935e-01
9.329411764705882737e-01 7.652941176470589024e-01 2.964705882352941524e-01
9.305882352941177160e-01 7.570588235294117840e-01 2.752941176470588003e-01
9.282352941176470473e-01 7.488235294117646657e-01 2.541176470588235592e-01
9.258823529411764897e-01 7.405882352941176583e-01 2.329411764705882071e-01
9.235294117647059320e-01 7.323529411764706509e-01 2.117647058823529660e-01
9.211764705882352633e-01 7.241176470588235325e-01 1.905882352941177249e-01
9.188235294117647056e-01 7.158823529411764142e-01 1.694117647058823728e-01
9.164705882352941479e-01 7.076470588235294068e-01 1.482352941176470207e-01
9.141176470588235903e-01 6.994117647058826215e-01 1.270588235294124457e-01
9.117647058823529216e-01 6.911764705882352811e-01 1.058823529411765385e-01
9.094117647058823639e-01 6.829411764705882737e-01 8.470588235294118640e-02
9.070588235294118062e-01 6.747058823529412663e-01 6.352941176470583429e-02
9.047058823529412486e-01 6.664705882352941479e-01 4.235294117647059320e-02
9.023529411764705799e-01 6.582352941176470296e-01 2.117647058823535211e-02
9.000000000000000222e-01 6.500000000000000222e-01 0.000000000000000000e+00
8.976470588235294645e-01 6.417647058823529038e-01 0.000000000000000000e+00
8.952941176470587958e-01 6.335294117647058965e-01 0.000000000000000000e+00
8.929411764705882382e-01 6.252941176470587781e-01 0.000000000000000000e+00
8.905882352941176805e-01 6.170588235294117707e-01 0.000000000000000000e+00
8.882352941176471228e-01 6.088235294117646523e-01 0.000000000000000000e+00
8.858823529411764541e-01 6.005882352941176450e-01 0.000000000000000000e+00
8.835294117647058965e-01 5.923529411764705266e-01 0.000000000000000000e+00
8.811764705882353388e-01 5.841176470588235192e-01 0.000000000000000000e+00
8.788235294117646701e-01 5.758823529411764008e-01 0.000000000000000000e+00
8.764705882352942234e-01 5.676470588235296155e-01 0.000000000000000000e+00
8.741176470588235548e-01 5.594117647058822751e-01 0.000000000000000000e+00
8.717647058823529971e-01 5.511764705882352677e-01 0.000000000000000000e+00
8.694117647058823284e-01 5.429411764705881493e-01 0.000000000000000000e+00
8.670588235294117707e-01 5.347058823529411420e-01 0.000000000000000000e+00
8.647058823529412130e-01 5.264705882352940236e-01 0.000000000000000000e+00
8.623529411764705443e-01 5.182352941176469052e-01 0.000000000000000000e+00
8.599999999999999867e-01 5.099999999999998979e-01 0.000000000000000000e+00
8.576470588235294290e-01 5.017647058823528905e-01 0.000000000000000000e+00
8.552941176470588713e-01 4.935294117647057721e-01 0.000000000000000000e+00
8.529411764705882026e-01 4.852941176470587092e-01 0.000000000000000000e+00
8.505882352941176450e-01 4.770588235294116464e-01 0.000000000000000000e+00
8.482352941176470873e-01 4.688235294117645835e-01 0.000000000000000000e+00
8.458823529411764186e-01 4.605882352941175206e-01 0.000000000000000000e+00
8.435294117647058609e-01 4.523529411764705133e-01 0.000000000000000000e+00
8.411764705882353033e-01 4.441176470588233949e-01 0.000000000000000000e+00
8.388235294117647456e-01 4.358823529411766096e-01 0.000000000000000000e+00
8.364705882352940769e-01 4.276470588235292691e-01 0.000000000000000000e+00
8.341176470588235192e-01 4.194117647058822063e-01 0.000000000000000000e+00
8.317647058823529616e-01 4.111764705882351434e-01 0.000000000000000000e+00
8.294117647058822929e-01 4.029411764705880250e-01 0.000000000000000000e+00
8.270588235294117352e-01 3.947058823529410176e-01 0.000000000000000000e+00
8.247058823529411775e-01 3.864705882352938993e-01 0.000000000000000000e+00
8.223529411764705088e-01 3.782352941176468364e-01 0.000000000000000000e+00
8.199999999999999512e-01 3.699999999999998290e-01 0.000000000000000000e+00
8.176470588235293935e-01 3.617647058823527662e-01 0.000000000000000000e+00
8.152941176470588358e-01 3.535294117647057033e-01 0.000000000000000000e+00
8.129411764705882781e-01 3.452941176470586404e-01 0.000000000000000000e+00
8.105882352941176094e-01 3.370588235294115220e-01 0.000000000000000000e+00
8.082352941176470518e-01 3.288235294117644592e-01 0.000000000000000000e+00
8.058823529411764941e-01 3.205882352941173963e-01 0.000000000000000000e+00
8.035294117647058254e-01 3.123529411764703334e-01 0.000000000000000000e+00
8.011764705882353788e-01 3.041176470588234926e-01 0.000000000000000000e+00
7.970588235294115975e-01 2.976470588235292647e-01 3.529411764706080236e-03
7.911764705882351478e-01 2.929411764705880938e-01 1.058823529411784085e-02
7.852941176470586981e-01 2.882352941176469230e-01 1.764705882352959887e-02
7.794117647058822484e-01 2.835294117647057521e-01 2.470588235294135862e-02
7.735294117647057988e-01 2.788235294117645813e-01 3.176470588235311837e-02
7.676470588235293491e-01 2.741176470588234104e-01 3.882352941176488159e-02
7.617647058823528994e-01 2.694117647058822396e-01 4.588235294117663787e-02
7.558823529411763387e-01 2.647058823529410687e-01 5.294117647058839415e-02
7.499999999999998890e-01 2.599999999999998979e-01 6.000000000000015737e-02
7.441176470588234393e-01 2.552941176470587270e-01 6.705882352941192059e-02
7.382352941176469896e-01 2.505882352941175562e-01 7.411764705882367688e-02
7.323529411764705399e-01 2.458823529411763575e-01 8.117647058823543316e-02
7.264705882352940902e-01 2.411764705882352144e-01 8.823529411764718944e-02
7.205882352941175295e-01 2.364705882352940158e-01 9.529411764705895960e-02
7.147058823529410798e-01 2.317647058823528450e-01 1.023529411764707159e-01
7.088235294117648522e-01 2.270588235294118129e-01 1.094117647058822779e-01
7.029411764705881804e-01 2.223529411764705033e-01 1.164705882352942284e-01
6.970588235294117307e-01 2.176470588235293324e-01 1.235294117647059847e-01
6.911764705882352811e-01 2.129411764705881338e-01 1.305882352941177549e-01
6.852941176470588314e-01 2.082352941176469630e-01 1.376470588235295112e-01
6.794117647058822707e-01 2.035294117647057921e-01 1.447058823529412674e-01
6.735294117647058210e-01 1.988235294117646212e-01 1.517647058823530237e-01
6.676470588235293713e-01 1.941176470588234504e-01 1.588235294117648078e-01
6.617647058823529216e-01 1.894117647058822795e-01 1.658823529411765363e-01
6.558823529411764719e-01 1.847058823529411087e-01 1.729411764705883203e-01
6.499999999999999112e-01 1.799999999999999378e-01 1.800000000000000766e-01
6.441176470588234615e-01 1.752941176470587670e-01 1.870588235294118329e-01
6.382352941176470118e-01 1.705882352941175961e-01 1.941176470588235892e-01
6.323529411764705621e-01 1.658823529411764253e-01 2.011764705882353454e-01
6.264705882352941124e-01 1.611764705882352544e-01 2.082352941176471017e-01
6.205882352941176627e-01 1.564705882352940836e-01 2.152941176470588858e-01
6.147058823529413241e-01 1.517647058823530515e-01 2.223529411764704200e-01
6.088235294117647634e-01 1.470588235294117418e-01 2.294117647058823983e-01
6.029411764705883137e-01 1.423529411764705710e-01 2.364705882352941269e-01
5.970588235294117530e-01 1.376470588235294001e-01 2.435294117647059109e-01
5.911764705882353033e-01 1.329411764705882015e-01 2.505882352941176672e-01
5.852941176470588536e-01 1.282352941176470584e-01 2.576470588235293957e-01
5.794117647058824039e-01 1.235294117647058598e-01 2.647058823529411797e-01
5.735294117647058432e-01 1.188235294117646890e-01 2.717647058823529638e-01
5.676470588235293935e-01 1.141176470588235181e-01 2.788235294117646923e-01
5.617647058823529438e-01 1.094117647058823473e-01 2.858823529411764763e-01
5.558823529411764941e-01 1.047058823529411764e-01 2.929411764705882049e-01
5.500000000000000444e-01 1.000000000000000056e-01 2.999999999999999889e-01
