2.000000000000000111e-01 2.200000000000000011e-01 2.000000000000000111e-01
1.937254901960784315e-01 2.272156862745098038e-01 2.031372549019608009e-01
1.874509803921568796e-01 2.344313725490196065e-01 2.062745098039215907e-01
1.811764705882352999e-01 2.416470588235294092e-01 2.094117647058823528e-01
1.749019607843137480e-01 2.488627450980392120e-01 2.125490196078431426e-01
1.686274509803921684e-01 2.560784313725490424e-01 2.156862745098039325e-01
1.623529411764705888e-01 2.632941176470588451e-01 2.188235294117647223e-01
1.560784313725490369e-01 2.705098039215686478e-01 2.219607843137254843e-01
1.498039215686274572e-01 2.777254901960784506e-01 2.250980392156862742e-01
1.435294117647059053e-01 2.849411764705882533e-01 2.282352941176470640e-01
1.372549019607843257e-01 2.921568627450980560e-01 2.313725490196078538e-01
1.309803921568627461e-01 2.993725490196078587e-01 2.345098039215686159e-01
1.247058823529411803e-01 3.065882352941176614e-01 2.376470588235294057e-01
1.184313725490196145e-01 3.138039215686274641e-01 2.407843137254901955e-01
1.121568627450980488e-01 3.210196078431372668e-01 2.439215686274509853e-01
1.058823529411764830e-01 3.282352941176470695e-01 2.470588235294117752e-01
9.960784313725490335e-02 3.354509803921568722e-01 2.501960784313725372e-01
9.333333333333333759e-02 3.426666666666666750e-01 2.533333333333333548e-01
8.705882352941177182e-02 3.498823529411764777e-01 2.564705882352941169e-01
8.078431372549020606e-02 3.570980392156862804e-01 2.596078431372548789e-01
7.450980392156864029e-02 3.643137254901960831e-01 2.627450980392156965e-01
6.823529411764706065e-02 3.715294117647058858e-01 2.658823529411764586e-01
6.196078431372550877e-02 3.787450980392156885e-01 2.690196078431372761e-01
5.568627450980392912e-02 3.859607843137254912e-01 2.721568627450980382e-01
4.941176470588234948e-02 3.931764705882352939e-01 2.752941176470588003e-01
4.313725490196079759e-02 4.003921568627450966e-01 2.784313725490196179e-01
3.686274509803921795e-02 4.076078431372548994e-01 2.815686274509803799e-01
3.058823529411763831e-02 4.148235294117647021e-01 2.847058823529411420e-01
2.431372549019608642e-02 4.220392156862745048e-01 2.878431372549019596e-01
1.803921568627450678e-02 4.292549019607843075e-01 2.909803921568627216e-01
1.176470588235295489e-02 4.364705882352941657e-01 2.941176470588234837e-01
5.490196078431375248e-03 4.436862745098039129e-01 2.972549019607843013e-01
0.000000000000000000e+00 4.507843137254902155e-01 3.011764705882352677e-01
0.000000000000000000e+00 4.570588235294117396e-01 3.105882352941175539e-01
0.000000000000000000e+00 4.633333333333333193e-01 3.200000000000000067e-01
0.000000000000000000e+00 4.696078431372548989e-01 3.294117647058823484e-01
0.000000000000000000e+00 4.758823529411764786e-01 3.388235294117646901e-01
0.000000000000000000e+00 4.821568627450980027e-01 3.482352941176469763e-01
0.000000000000000000e+00 4.884313725490196378e-01 3.576470588235294290e-01
0.000000000000000000e+00 4.947058823529412175e-01 3.670588235294117707e-01
0.000000000000000000e+00 5.009803921568627416e-01 3.764705882352941124e-01
0.000000000000000000e+00 5.072549019607842657e-01 3.858823529411763986e-01
0.000000000000000000e+00 5.135294117647059009e-01 3.952941176470587958e-01
0.000000000000000000e+00 5.198039215686274250e-01 4.047058823529411375e-01
0.000000000000000000e+00 5.260784313725490602e-01 4.141176470588234793e-01
0.000000000000000000e+00 5.323529411764705843e-01 4.235294117647058210e-01
0.000000000000000000e+00 5.386274509803921084e-01 4.329411764705882182e-01
0.000000000000000000e+00 5.449019607843137436e-01 4.423529411764705599e-01
0.000000000000000000e+00 5.511764705882352677e-01 4.517647058823529571e-01
0.000000000000000000e+00 5.574509803921567919e-01 4.611764705882351878e-01
0.000000000000000000e+00 5.637254901960784270e-01 4.705882352941176405e-01
0.000000000000000000e+00 5.700000000000000622e-01 4.799999999999999822e-01
0.000000000000000000e+00 5.762745098039215863e-01 4.894117647058823239e-01
0.000000000000000000e+00 5.825490196078431104e-01 4.988235294117646101e-01
0.000000000000000000e+00 5.888235294117647456e-01 5.082352941176470074e-01
0.000000000000000000e+00 5.950980392156862697e-01 5.176470588235293491e-01
0.000000000000000000e+00 6.013725490196077939e-01 5.270588235294118018e-01
0.000000000000000000e+00 6.076470588235294290e-01 5.364705882352940325e-01
0.000000000000000000e+00 6.139215686274510642e-01 5.458823529411764852e-01
0.000000000000000000e+00 6.201960784313725883e-01 5.552941176470587159e-01
0.000000000000000000e+00 6.264705882352941124e-01 5.647058823529411686e-01
0.000000000000000000e+00 6.327450980392156366e-01 5.741176470588233993e-01
0.000000000000000000e+00 6.390196078431372717e-01 5.835294117647058521e-01
0.000000000000000000e+00 6.452941176470587958e-01 5.929411764705881938e-01
1.568627450980392309e-03 6.515686274509804310e-01 6.019607843137254610e-01
7.843137254901960675e-03 6.578431372549019551e-01 6.098039215686273939e-01
1.411764705882344144e-02 6.641176470588234793e-01 6.176470588235293269e-01
2.039215686274509914e-02 6.703921568627451144e-01 6.254901960784313708e-01
2.666666666666666838e-02 6.766666666666666385e-01 6.333333333333333037e-01
3.294117647058823761e-02 6.829411764705882737e-01 6.411764705882352366e-01
3.921568627450980338e-02 6.892156862745097978e-01 6.490196078431372806e-01
4.549019607843137608e-02 6.954901960784314330e-01 6.568627450980392135e-01
5.176470588235294878e-02 7.017647058823529571e-01 6.647058823529411464e-01
5.803921568627451455e-02 7.080392156862744812e-01 6.725490196078430793e-01
6.431372549019599705e-02 7.143137254901960054e-01 6.803921568627450123e-01
7.058823529411765996e-02 7.205882352941176405e-01 6.882352941176470562e-01
7.686274509803922572e-02 7.268627450980391647e-01 6.960784313725489891e-01
8.313725490196079149e-02 7.331372549019607998e-01 7.039215686274509221e-01
8.941176470588235725e-02 7.394117647058823239e-01 7.117647058823529660e-01
9.568627450980393689e-02 7.456862745098039591e-01 7.196078431372548989e-01
1.019607843137254888e-01 7.519607843137254832e-01 7.274509803921568318e-01
1.082352941176470545e-01 7.582352941176470074e-01 7.352941176470587648e-01
1.145098039215685370e-01 7.645098039215685315e-01 7.431372549019605867e-01
1.207843137254902000e-01 7.707843137254901666e-01 7.509803921568627416e-01
1.270588235294117518e-01 7.770588235294118018e-01 7.588235294117646745e-01
1.333333333333333315e-01 7.833333333333333259e-01 7.666666666666666075e-01
1.396078431372549111e-01 7.896078431372548501e-01 7.745098039215685404e-01
1.458823529411764630e-01 7.958823529411764852e-01 7.823529411764705843e-01
1.521568627450980427e-01 8.021568627450980093e-01 7.901960784313725172e-01
1.584313725490196223e-01 8.084313725490195335e-01 7.980392156862744502e-01
1.647058823529410909e-01 8.147058823529410576e-01 8.058823529411762721e-01
1.709803921568627538e-01 8.209803921568626928e-01 8.137254901960784270e-01
1.772549019607843057e-01 8.272549019607843279e-01 8.215686274509803599e-01
1.835294117647058854e-01 8.335294117647058521e-01 8.294117647058822929e-01
1.898039215686274650e-01 8.398039215686274872e-01 8.372549019607842258e-01
1.960784313725490169e-01 8.460784313725490113e-01 8.450980392156862697e-01
2.094117647058823528e-01 8.517647058823528683e-01 8.505882352941176450e-01
2.345098039215686436e-01 8.564705882352940947e-01 8.521568627450980538e-01
2.596078431372545459e-01 8.611764705882352100e-01 8.537254901960783515e-01
2.847058823529411975e-01 8.658823529411764364e-01 8.552941176470587603e-01
3.098039215686274606e-01 8.705882352941176627e-01 8.568627450980391691e-01
3.349019607843137791e-01 8.752941176470587781e-01 8.584313725490195779e-01
3.600000000000000422e-01 8.800000000000000044e-01 8.599999999999999867e-01
3.850980392156863052e-01 8.847058823529411198e-01 8.615686274509803955e-01
4.101960784313725683e-01 8.894117647058823461e-01 8.631372549019608043e-01
4.352941176470588314e-01 8.941176470588234615e-01 8.647058823529412130e-01
4.603921568627447614e-01 8.988235294117645768e-01 8.662745098039215108e-01
4.854901960784314130e-01 9.035294117647059142e-01 8.678431372549019196e-01
5.105882352941176761e-01 9.082352941176470296e-01 8.694117647058823284e-01
5.356862745098038836e-01 9.129411764705882559e-01 8.709803921568627372e-01
5.607843137254902022e-01 9.176470588235293713e-01 8.725490196078431460e-01
5.858823529411765207e-01 9.223529411764705976e-01 8.741176470588235548e-01
6.109803921568627283e-01 9.270588235294117130e-01 8.756862745098039635e-01
6.360784313725489358e-01 9.317647058823529393e-01 8.772549019607842613e-01
6.611764705882349213e-01 9.364705882352940547e-01 8.788235294117646701e-01
6.862745098039215730e-01 9.411764705882352811e-01 8.803921568627450789e-01
7.113725490196078916e-01 9.458823529411763964e-01 8.819607843137254877e-01
7.364705882352942101e-01 9.505882352941176228e-01 8.835294117647058965e-01
7.615686274509803066e-01 9.552941176470588491e-01 8.850980392156863052e-01
7.866666666666666252e-01 9.599999999999999645e-01 8.866666666666667140e-01
8.117647058823529438e-01 9.647058823529411908e-01 8.882352941176470118e-01
8.368627450980392624e-01 9.694117647058823062e-01 8.898039215686274206e-01
8.619607843137251368e-01 9.741176470588234215e-01 8.913725490196078294e-01
8.870588235294116775e-01 9.788235294117646479e-01 8.929411764705882382e-01
9.121568627450979960e-01 9.835294117647058743e-01 8.945098039215686470e-01
9.372549019607843146e-01 9.882352941176471006e-01 8.960784313725490557e-01
9.623529411764706332e-01 9.929411764705882160e-01 8.976470588235294645e-01
9.874509803921569517e-01 9.976470588235294423e-01 8.992156862745098733e-01
9.984313725490195912e-01 9.960784313725490335e-01 8.858823529411764541e-01
9.952941176470587736e-01 9.882352941176471006e-01 8.576470588235294290e-01
9.921568627450980671e-01 9.803921568627450567e-01 8.294117647058824039e-01
9.890196078431372495e-01 9.725490196078431238e-01 8.011764705882352677e-01
9.858823529411765429e-01 9.647058823529414129e-01 7.729411764705890198e-01
9.827450980392157254e-01 9.568627450980392579e-01 7.447058823529412175e-01
9.796078431372549078e-01 9.490196078431372140e-01 7.164705882352941924e-01
9.764705882352940902e-01 9.411764705882352811e-01 6.882352941176470562e-01
9.733333333333333837e-01 9.333333333333333481e-01 6.600000000000000311e-01
9.701960784313725661e-01 9.254901960784314152e-01 6.317647058823530060e-01
9.670588235294117485e-01 9.176470588235293713e-01 6.035294117647058698e-01
9.639215686274509309e-01 9.098039215686274384e-01 5.752941176470588447e-01
9.607843137254902244e-01 9.019607843137255054e-01 5.470588235294118196e-01
9.576470588235294068e-01 8.941176470588235725e-01 5.188235294117646834e-01
9.545098039215685892e-01 8.862745098039215286e-01 4.905882352941176583e-01
9.513725490196078827e-01 8.784313725490195957e-01 4.623529411764706332e-01
9.482352941176470651e-01 8.705882352941176627e-01 4.341176470588234970e-01
9.450980392156862475e-01 8.627450980392157298e-01 4.058823529411764164e-01
9.419607843137255410e-01 8.549019607843136859e-01 3.776470588235293357e-01
9.388235294117647234e-01 8.470588235294117530e-01 3.494117647058823106e-01
9.356862745098040168e-01 8.392156862745100421e-01 3.211764705882360627e-01
9.325490196078431993e-01 8.313725490196077761e-01 2.929411764705881493e-01
9.294117647058823817e-01 8.235294117647058432e-01 2.647058823529411242e-01
9.262745098039215641e-01 8.156862745098039102e-01 2.364705882352940991e-01
9.231372549019607465e-01 8.078431372549019773e-01 2.082352941176470740e-01
9.200000000000000400e-01 8.000000000000000444e-01 1.799999999999999378e-01
9.168627450980392224e-01 7.921568627450980005e-01 1.517647058823529127e-01
9.137254901960784048e-01 7.843137254901960675e-01 1.235294117647058876e-01
9.105882352941176983e-01 7.764705882352941346e-01 9.529411764705875143e-02
9.074509803921568807e-01 7.686274509803920907e-01 6.705882352941172631e-02
9.043137254901960631e-01 7.607843137254901578e-01 3.882352941176470118e-02
9.011764705882353566e-01 7.529411764705882248e-01 1.058823529411756503e-02
8.980392156862745390e-01 7.450980392156862919e-01 0.000000000000000000e+00
8.949019607843137214e-01 7.372549019607843590e-01 0.000000000000000000e+00
8.917647058823530148e-01 7.294117647058823151e-01 0.000000000000000000e+00
8.886274509803921973e-01 7.215686274509803821e-01 0.000000000000000000e+00
8.854901960784314907e-01 7.137254901960786713e-01 0.000000000000000000e+00
8.823529411764705621e-01 7.058823529411765163e-01 0.000000000000000000e+00
8.792156862745098556e-01 6.980392156862744724e-01 0.000000000000000000e+00
8.760784313725490380e-01 6.901960784313725394e-01 0.000000000000000000e+00
8.729411764705882204e-01 6.823529411764706065e-01 0.000000000000000000e+00
8.698039215686275138e-01 6.745098039215686736e-01 0.000000000000000000e+00
8.666666666666666963e-01 6.666666666666666297e-01 0.000000000000000000e+00
8.635294117647058787e-01 6.588235294117646967e-01 0.000000000000000000e+00
8.603921568627451721e-01 6.509803921568627638e-01 0.000000000000000000e+00
8.572549019607843546e-01 6.431372549019608309e-01 0.000000000000000000e+00
8.541176470588235370e-01 6.352941176470587870e-01 0.000000000000000000e+00
8.509803921568628304e-01 6.274509803921568540e-01 0.000000000000000000e+00
8.478431372549020129e-01 6.196078431372549211e-01 0.000000000000000000e+00
8.447058823529411953e-01 6.117647058823529882e-01 0.000000000000000000e+00
8.415686274509803777e-01 6.039215686274509443e-01 0.000000000000000000e+00
8.384313725490196711e-01 5.960784313725490113e-01 0.000000000000000000e+00
8.352941176470589646e-01 5.882352941176473005e-01 0.000000000000000000e+00
8.321568627450980360e-01 5.803921568627450345e-01 0.000000000000000000e+00
8.290196078431373294e-01 5.725490196078431016e-01 0.000000000000000000e+00
8.258823529411765119e-01 5.647058823529411686e-01 0.000000000000000000e+00
8.227450980392156943e-01 5.568627450980392357e-01 0.000000000000000000e+00
8.196078431372548767e-01 5.490196078431373028e-01 0.000000000000000000e+00
8.164705882352941702e-01 5.411764705882352589e-01 0.000000000000000000e+00
8.133333333333333526e-01 5.333333333333333259e-01 0.000000000000000000e+00
8.101960784313726460e-01 5.254901960784313930e-01 0.000000000000000000e+00
8.070588235294118284e-01 5.176470588235293491e-01 0.000000000000000000e+00
8.039215686274510109e-01 5.098039215686274161e-01 0.000000000000000000e+00
8.007843137254901933e-01 5.019607843137254832e-01 0.000000000000000000e+00
7.976470588235294867e-01 4.929411764705882160e-01 0.000000000000000000e+00
7.945098039215686692e-01 4.835294117647058743e-01 0.000000000000000000e+00
7.913725490196078516e-01 4.741176470588235325e-01 0.000000000000000000e+00
7.882352941176471450e-01 4.647058823529411908e-01 0.000000000000000000e+00
7.850980392156864385e-01 4.552941176470590712e-01 0.000000000000000000e+00
7.819607843137255099e-01 4.458823529411764519e-01 0.000000000000000000e+00
7.788235294117646923e-01 4.364705882352941102e-01 0.000000000000000000e+00
7.756862745098039857e-01 4.270588235294117685e-01 0.000000000000000000e+00
7.725490196078431682e-01 4.176470588235294268e-01 0.000000000000000000e+00
7.694117647058823506e-01 4.082352941176470296e-01 0.000000000000000000e+00
7.662745098039215330e-01 3.988235294117646879e-01 0.000000000000000000e+00
7.631372549019608265e-01 3.894117647058823461e-01 0.000000000000000000e+00
7.600000000000000089e-01 3.800000000000000044e-01 0.000000000000000000e+00
7.568627450980391913e-01 3.705882352941176627e-01 0.000000000000000000e+00
7.537254901960783737e-01 3.611764705882353210e-01 0.000000000000000000e+00
7.505882352941176672e-01 3.517647058823529793e-01 0.000000000000000000e+00
7.474509803921568496e-01 3.423529411764705821e-01 0.000000000000000000e+00
7.443137254901960320e-01 3.329411764705882404e-01 0.000000000000000000e+00
7.411764705882353255e-01 3.235294117647058432e-01 0.000000000000000000e+00
7.380392156862745079e-01 3.141176470588235015e-01 0.000000000000000000e+00
7.349019607843138013e-01 3.047058823529414373e-01 0.000000000000000000e+00
7.317647058823528727e-01 2.952941176470588180e-01 0.000000000000000000e+00
7.286274509803921662e-01 2.858823529411764763e-01 0.000000000000000000e+00
7.254901960784313486e-01 2.764705882352941346e-01 0.000000000000000000e+00
7.223529411764705310e-01 2.670588235294117929e-01 0.000000000000000000e+00
7.192156862745098245e-01 2.576470588235294512e-01 0.000000000000000000e+00
7.160784313725490069e-01 2.482352941176470540e-01 0.000000000000000000e+00
7.129411764705881893e-01 2.388235294117647123e-01 0.000000000000000000e+00
7.098039215686273717e-01 2.294117647058823706e-01 0.000000000000000000e+00
7.066666666666666652e-01 2.200000000000000289e-01 0.000000000000000000e+00
7.035294117647058476e-01 2.105882352941176316e-01 0.000000000000000000e+00
7.003921568627450300e-01 2.011764705882352899e-01 0.000000000000000000e+00
6.917647058823529482e-01 1.972549019607843235e-01 0.000000000000000000e+00
6.823529411764704955e-01 1.941176470588235337e-01 0.000000000000000000e+00
6.729411764705881538e-01 1.909803921568627438e-01 0.000000000000000000e+00
6.635294117647058121e-01 1.878431372549019818e-01 0.000000000000000000e+00
6.541176470588238034e-01 1.847058823529412752e-01 0.000000000000000000e+00
6.447058823529411287e-01 1.815686274509804021e-01 0.000000000000000000e+00
6.352941176470587870e-01 1.784313725490196123e-01 0.000000000000000000e+00
6.258823529411764452e-01 1.752941176470588225e-01 0.000000000000000000e+00
6.164705882352941035e-01 1.721568627450980604e-01 0.000000000000000000e+00
6.070588235294117618e-01 1.690196078431372706e-01 0.000000000000000000e+00
5.976470588235294201e-01 1.658823529411764808e-01 0.000000000000000000e+00
5.882352941176470784e-01 1.627450980392156910e-01 0.000000000000000000e+00
5.788235294117647367e-01 1.596078431372549011e-01 0.000000000000000000e+00
5.694117647058822840e-01 1.564705882352941391e-01 0.000000000000000000e+00
5.600000000000000533e-01 1.533333333333333492e-01 0.000000000000000000e+00
5.505882352941176006e-01 1.501960784313725594e-01 0.000000000000000000e+00
5.411764705882352589e-01 1.470588235294117696e-01 0.000000000000000000e+00
5.317647058823529171e-01 1.439215686274509798e-01 0.000000000000000000e+00
5.223529411764705754e-01 1.407843137254902177e-01 0.000000000000000000e+00
5.129411764705882337e-01 1.376470588235294279e-01 0.000000000000000000e+00
5.035294117647061141e-01 1.345098039215687213e-01 0.000000000000000000e+00
4.941176470588235503e-01 1.313725490196078483e-01 0.000000000000000000e+00
4.847058823529412086e-01 1.282352941176470584e-01 0.000000000000000000e+00
4.752941176470588669e-01 1.250980392156862964e-01 0.000000000000000000e+00
4.658823529411764697e-01 1.219607843137254927e-01 0.000000000000000000e+00
4.564705882352941280e-01 1.188235294117647167e-01 0.000000000000000000e+00
4.470588235294117863e-01 1.156862745098039269e-01 0.000000000000000000e+00
4.376470588235294445e-01 1.125490196078431371e-01 0.000000000000000000e+00
4.282352941176470473e-01 1.094117647058823611e-01 0.000000000000000000e+00
4.188235294117647056e-01 1.062745098039215713e-01 0.000000000000000000e+00
4.094117647058823639e-01 1.031372549019607954e-01 0.000000000000000000e+00
4.000000000000000222e-01 1.000000000000000056e-01 0.000000000000000000e+00
