4.000000000000000222e-01 1.000000000000000056e-01 0.000000000000000000e+00
4.047058823529411931e-01 1.015686274509804005e-01 0.000000000000000000e+00
4.094117647058823639e-01 1.031372549019607954e-01 0.000000000000000000e+00
4.141176470588235348e-01 1.047058823529411764e-01 0.000000000000000000e+00
4.188235294117647056e-01 1.062745098039215713e-01 0.000000000000000000e+00
4.235294117647058765e-01 1.078431372549019662e-01 0.000000000000000000e+00
4.282352941176470473e-01 1.094117647058823611e-01 0.000000000000000000e+00
4.329411764705882737e-01 1.109803921568627560e-01 0.000000000000000000e+00
4.376470588235294445e-01 1.125490196078431371e-01 0.000000000000000000e+00
4.423529411764706154e-01 1.141176470588235320e-01 0.000000000000000000e+00
4.470588235294117863e-01 1.156862745098039269e-01 0.000000000000000000e+00
4.517647058823529571e-01 1.172549019607843218e-01 0.000000000000000000e+00
4.564705882352941280e-01 1.188235294117647167e-01 0.000000000000000000e+00
4.611764705882352988e-01 1.203921568627450978e-01 0.000000000000000000e+00
4.658823529411764697e-01 1.219607843137254927e-01 0.000000000000000000e+00
4.705882352941176405e-01 1.235294117647058876e-01 0.000000000000000000e+00
4.752941176470588114e-01 1.250980392156862964e-01 0.000000000000000000e+00
4.799999999999999822e-01 1.266666666666666774e-01 0.000000000000000000e+00
4.847058823529412086e-01 1.282352941176470584e-01 0.000000000000000000e+00
4.894117647058823239e-01 1.298039215686274672e-01 0.000000000000000000e+00
4.941176470588235503e-01 1.313725490196078483e-01 0.000000000000000000e+00
4.988235294117647212e-01 1.329411764705882293e-01 0.000000000000000000e+00
5.035294117647058920e-01 1.345098039215686381e-01 0.000000000000000000e+00
5.082352941176470074e-01 1.360784313725490191e-01 0.000000000000000000e+00
5.129411764705882337e-01 1.376470588235294279e-01 0.000000000000000000e+00
5.176470588235293491e-01 1.392156862745098089e-01 0.000000000000000000e+00
5.223529411764705754e-01 1.407843137254902177e-01 0.000000000000000000e+00
5.270588235294118018e-01 1.423529411764705987e-01 0.000000000000000000e+00
5.317647058823529171e-01 1.439215686274509798e-01 0.000000000000000000e+00
5.364705882352941435e-01 1.454901960784313886e-01 0.000000000000000000e+00
5.411764705882352589e-01 1.470588235294117696e-01 0.000000000000000000e+00
5.458823529411764852e-01 1.486274509803921506e-01 0.000000000000000000e+00
5.505882352941176006e-01 1.501960784313725594e-01 0.000000000000000000e+00
5.552941176470588269e-01 1.517647058823529405e-01 0.000000000000000000e+00
5.600000000000000533e-01 1.533333333333333492e-01 0.000000000000000000e+00
5.647058823529411686e-01 1.549019607843137303e-01 0.000000000000000000e+00
5.694117647058822840e-01 1.564705882352941391e-01 0.000000000000000000e+00
5.741176470588235103e-01 1.580392156862745201e-01 0.000000000000000000e+00
5.788235294117647367e-01 1.596078431372549011e-01 0.000000000000000000e+00
5.835294117647058521e-01 1.611764705882353099e-01 0.000000000000000000e+00
5.882352941176469674e-01 1.627450980392156910e-01 0.000000000000000000e+00
5.929411764705881938e-01 1.643137254901960720e-01 0.000000000000000000e+00
5.976470588235294201e-01 1.658823529411764808e-01 0.000000000000000000e+00
6.023529411764705355e-01 1.674509803921568896e-01 0.000000000000000000e+00
6.070588235294117618e-01 1.690196078431372428e-01 0.000000000000000000e+00
6.117647058823528772e-01 1.705882352941176516e-01 0.000000000000000000e+00
6.164705882352941035e-01 1.721568627450980604e-01 0.000000000000000000e+00
6.211764705882352189e-01 1.737254901960784415e-01 0.000000000000000000e+00
6.258823529411764452e-01 1.752941176470588225e-01 0.000000000000000000e+00
6.305882352941175606e-01 1.768627450980392313e-01 0.000000000000000000e+00
6.352941176470587870e-01 1.784313725490196123e-01 0.000000000000000000e+00
6.400000000000000133e-01 1.800000000000000211e-01 0.000000000000000000e+00
6.447058823529411287e-01 1.815686274509804021e-01 0.000000000000000000e+00
6.494117647058823550e-01 1.831372549019607832e-01 0.000000000000000000e+00
6.541176470588234704e-01 1.847058823529411919e-01 0.000000000000000000e+00
6.588235294117646967e-01 1.862745098039215730e-01 0.000000000000000000e+00
6.635294117647059231e-01 1.878431372549019818e-01 0.000000000000000000e+00
6.682352941176470384e-01 1.894117647058823628e-01 0.000000000000000000e+00
6.729411764705881538e-01 1.909803921568627438e-01 0.000000000000000000e+00
6.776470588235293802e-01 1.925490196078431526e-01 0.000000000000000000e+00
6.823529411764706065e-01 1.941176470588235337e-01 0.000000000000000000e+00
6.870588235294117219e-01 1.956862745098039147e-01 0.000000000000000000e+00
6.917647058823528372e-01 1.972549019607843235e-01 0.000000000000000000e+00
6.964705882352940636e-01 1.988235294117647323e-01 0.000000000000000000e+00
7.003921568627450300e-01 2.011764705882353177e-01 0.000000000000000000e+00
7.019607843137254388e-01 2.058823529411764885e-01 0.000000000000000000e+00
7.035294117647058476e-01 2.105882352941176039e-01 0.000000000000000000e+00
7.050980392156862564e-01 2.152941176470588303e-01 0.000000000000000000e+00
7.066666666666666652e-01 2.200000000000000011e-01 0.000000000000000000e+00
7.082352941176470740e-01 2.247058823529411997e-01 0.000000000000000000e+00
7.098039215686273717e-01 2.294117647058823706e-01 0.000000000000000000e+00
7.113725490196077805e-01 2.341176470588235414e-01 0.000000000000000000e+00
7.129411764705881893e-01 2.388235294117647123e-01 0.000000000000000000e+00
7.145098039215685981e-01 2.435294117647058831e-01 0.000000000000000000e+00
7.160784313725490069e-01 2.482352941176469985e-01 0.000000000000000000e+00
7.176470588235294157e-01 2.529411764705882248e-01 0.000000000000000000e+00
7.192156862745098245e-01 2.576470588235294512e-01 0.000000000000000000e+00
7.207843137254901222e-01 2.623529411764706221e-01 0.000000000000000000e+00
7.223529411764705310e-01 2.670588235294117929e-01 0.000000000000000000e+00
7.239215686274509398e-01 2.717647058823529638e-01 0.000000000000000000e+00
7.254901960784313486e-01 2.764705882352941346e-01 0.000000000000000000e+00
7.270588235294117574e-01 2.811764705882353055e-01 0.000000000000000000e+00
7.286274509803921662e-01 2.858823529411764208e-01 0.000000000000000000e+00
7.301960784313725750e-01 2.905882352941176472e-01 0.000000000000000000e+00
7.317647058823528727e-01 2.952941176470588180e-01 0.000000000000000000e+00
7.333333333333332815e-01 2.999999999999999889e-01 0.000000000000000000e+00
7.349019607843136903e-01 3.047058823529411598e-01 0.000000000000000000e+00
7.364705882352940991e-01 3.094117647058823861e-01 0.000000000000000000e+00
7.380392156862745079e-01 3.141176470588235015e-01 0.000000000000000000e+00
7.396078431372549167e-01 3.188235294117647278e-01 0.000000000000000000e+00
7.411764705882352144e-01 3.235294117647058432e-01 0.000000000000000000e+00
7.427450980392156232e-01 3.282352941176470695e-01 0.000000000000000000e+00
7.443137254901960320e-01 3.329411764705882404e-01 0.000000000000000000e+00
7.458823529411764408e-01 3.376470588235294112e-01 0.000000000000000000e+00
7.474509803921568496e-01 3.423529411764705821e-01 0.000000000000000000e+00
7.490196078431372584e-01 3.470588235294117530e-01 0.000000000000000000e+00
7.505882352941176672e-01 3.517647058823529793e-01 0.000000000000000000e+00
7.521568627450980760e-01 3.564705882352940947e-01 0.000000000000000000e+00
7.537254901960783737e-01 3.611764705882352100e-01 0.000000000000000000e+00
7.552941176470587825e-01 3.658823529411764919e-01 0.000000000000000000e+00
7.568627450980391913e-01 3.705882352941176627e-01 0.000000000000000000e+00
7.584313725490196001e-01 3.752941176470588336e-01 0.000000000000000000e+00
7.600000000000000089e-01 3.800000000000000044e-01 0.000000000000000000e+00
7.615686274509804177e-01 3.847058823529412308e-01 0.000000000000000000e+00
7.631372549019608265e-01 3.894117647058823461e-01 0.000000000000000000e+00
7.647058823529412352e-01 3.941176470588235725e-01 0.000000000000000000e+00
7.662745098039215330e-01 3.988235294117646323e-01 0.000000000000000000e+00
7.678431372549019418e-01 4.035294117647059142e-01 0.000000000000000000e+00
7.694117647058823506e-01 4.082352941176470296e-01 0.000000000000000000e+00
7.709803921568627594e-01 4.129411764705882559e-01 0.000000000000000000e+00
7.725490196078431682e-01 4.176470588235293713e-01 0.000000000000000000e+00
7.741176470588235770e-01 4.223529411764705976e-01 0.000000000000000000e+00
7.756862745098039857e-01 4.270588235294117685e-01 0.000000000000000000e+00
7.772549019607843945e-01 4.317647058823529393e-01 0.000000000000000000e+00
7.788235294117646923e-01 4.364705882352940547e-01 0.000000000000000000e+00
7.803921568627451011e-01 4.411764705882352811e-01 0.000000000000000000e+00
7.819607843137255099e-01 4.458823529411764519e-01 0.000000000000000000e+00
7.835294117647059187e-01 4.505882352941176783e-01 0.000000000000000000e+00
7.850980392156863275e-01 4.552941176470587936e-01 0.000000000000000000e+00
7.866666666666667362e-01 4.600000000000000200e-01 0.000000000000000000e+00
7.882352941176471450e-01 4.647058823529411908e-01 0.000000000000000000e+00
7.898039215686274428e-01 4.694117647058823617e-01 0.000000000000000000e+00
7.913725490196078516e-01 4.741176470588234770e-01 0.000000000000000000e+00
7.929411764705882604e-01 4.788235294117647034e-01 0.000000000000000000e+00
7.945098039215686692e-01 4.835294117647058743e-01 0.000000000000000000e+00
7.960784313725490779e-01 4.882352941176470451e-01 0.000000000000000000e+00
7.976470588235294867e-01 4.929411764705882160e-01 0.000000000000000000e+00
7.992156862745098955e-01 4.976470588235294423e-01 0.000000000000000000e+00
8.007843137254901933e-01 5.019607843137254832e-01 0.000000000000000000e+00
8.023529411764706021e-01 5.058823529411764497e-01 0.000000000000000000e+00
8.039215686274510109e-01 5.098039215686274161e-01 0.000000000000000000e+00
8.054901960784314197e-01 5.137254901960783826e-01 0.000000000000000000e+00
8.070588235294117174e-01 5.176470588235293491e-01 0.000000000000000000e+00
8.086274509803922372e-01 5.215686274509804266e-01 0.000000000000000000e+00
8.101960784313726460e-01 5.254901960784313930e-01 0.000000000000000000e+00
8.117647058823529438e-01 5.294117647058823595e-01 0.000000000000000000e+00
8.133333333333333526e-01 5.333333333333333259e-01 0.000000000000000000e+00
8.149019607843137614e-01 5.372549019607842924e-01 0.000000000000000000e+00
8.164705882352941702e-01 5.411764705882352589e-01 0.000000000000000000e+00
8.180392156862745789e-01 5.450980392156862253e-01 0.000000000000000000e+00
8.196078431372549877e-01 5.490196078431373028e-01 0.000000000000000000e+00
8.211764705882352855e-01 5.529411764705882693e-01 0.000000000000000000e+00
8.227450980392156943e-01 5.568627450980392357e-01 0.000000000000000000e+00
8.243137254901961031e-01 5.607843137254902022e-01 0.000000000000000000e+00
8.258823529411765119e-01 5.647058823529411686e-01 0.000000000000000000e+00
8.274509803921569207e-01 5.686274509803921351e-01 0.000000000000000000e+00
8.290196078431373294e-01 5.725490196078431016e-01 0.000000000000000000e+00
8.305882352941177382e-01 5.764705882352940680e-01 0.000000000000000000e+00
8.321568627450980360e-01 5.803921568627450345e-01 0.000000000000000000e+00
8.337254901960784448e-01 5.843137254901961120e-01 0.000000000000000000e+00
8.352941176470588536e-01 5.882352941176470784e-01 0.000000000000000000e+00
8.368627450980392624e-01 5.921568627450980449e-01 0.000000000000000000e+00
8.384313725490196711e-01 5.960784313725490113e-01 0.000000000000000000e+00
8.400000000000000799e-01 5.999999999999999778e-01 0.000000000000000000e+00
8.415686274509803777e-01 6.039215686274509443e-01 0.000000000000000000e+00
8.431372549019607865e-01 6.078431372549020217e-01 0.000000000000000000e+00
8.447058823529411953e-01 6.117647058823529882e-01 0.000000000000000000e+00
8.462745098039216041e-01 6.156862745098039547e-01 0.000000000000000000e+00
8.478431372549020129e-01 6.196078431372549211e-01 0.000000000000000000e+00
8.494117647058824216e-01 6.235294117647058876e-01 0.000000000000000000e+00
8.509803921568628304e-01 6.274509803921568540e-01 0.000000000000000000e+00
8.525490196078431282e-01 6.313725490196078205e-01 0.000000000000000000e+00
8.541176470588235370e-01 6.352941176470587870e-01 0.000000000000000000e+00
8.556862745098039458e-01 6.392156862745097534e-01 0.000000000000000000e+00
8.572549019607842435e-01 6.431372549019607199e-01 0.000000000000000000e+00
8.588235294117647634e-01 6.470588235294117974e-01 0.000000000000000000e+00
8.603921568627451721e-01 6.509803921568627638e-01 0.000000000000000000e+00
8.619607843137255809e-01 6.549019607843137303e-01 0.000000000000000000e+00
8.635294117647058787e-01 6.588235294117646967e-01 0.000000000000000000e+00
8.650980392156862875e-01 6.627450980392156632e-01 0.000000000000000000e+00
8.666666666666666963e-01 6.666666666666666297e-01 0.000000000000000000e+00
8.682352941176471051e-01 6.705882352941177071e-01 0.000000000000000000e+00
8.698039215686275138e-01 6.745098039215686736e-01 0.000000000000000000e+00
8.713725490196078116e-01 6.784313725490196401e-01 0.000000000000000000e+00
8.729411764705882204e-01 6.823529411764706065e-01 0.000000000000000000e+00
8.745098039215686292e-01 6.862745098039215730e-01 0.000000000000000000e+00
8.760784313725490380e-01 6.901960784313725394e-01 0.000000000000000000e+00
8.776470588235294468e-01 6.941176470588235059e-01 0.000000000000000000e+00
8.792156862745098556e-01 6.980392156862744724e-01 0.000000000000000000e+00
8.807843137254902643e-01 7.019607843137254388e-01 0.000000000000000000e+00
8.823529411764705621e-01 7.058823529411764053e-01 0.000000000000000000e+00
8.839215686274509709e-01 7.098039215686274828e-01 0.000000000000000000e+00
8.854901960784313797e-01 7.137254901960784492e-01 0.000000000000000000e+00
8.870588235294117885e-01 7.176470588235294157e-01 0.000000000000000000e+00
8.886274509803921973e-01 7.215686274509803821e-01 0.000000000000000000e+00
8.901960784313726061e-01 7.254901960784313486e-01 0.000000000000000000e+00
8.917647058823530148e-01 7.294117647058823151e-01 0.000000000000000000e+00
8.933333333333333126e-01 7.333333333333333925e-01 0.000000000000000000e+00
8.949019607843137214e-01 7.372549019607843590e-01 0.000000000000000000e+00
8.964705882352941302e-01 7.411764705882353255e-01 0.000000000000000000e+00
8.980392156862745390e-01 7.450980392156862919e-01 0.000000000000000000e+00
8.996078431372549478e-01 7.490196078431372584e-01 0.000000000000000000e+00
9.011764705882353566e-01 7.529411764705882248e-01 1.058823529411764656e-02
9.027450980392156543e-01 7.568627450980391913e-01 2.470588235294117821e-02
9.043137254901960631e-01 7.607843137254901578e-01 3.882352941176470812e-02
9.058823529411764719e-01 7.647058823529411242e-01 5.294117647058823456e-02
9.074509803921568807e-01 7.686274509803920907e-01 6.705882352941136548e-02
9.090196078431372895e-01 7.725490196078431682e-01 8.117647058823529438e-02
9.105882352941176983e-01 7.764705882352941346e-01 9.529411764705882082e-02
9.121568627450981070e-01 7.803921568627451011e-01 1.094117647058823473e-01
9.137254901960784048e-01 7.843137254901960675e-01 1.235294117647059015e-01
9.152941176470588136e-01 7.882352941176470340e-01 1.376470588235294279e-01
9.168627450980392224e-01 7.921568627450980005e-01 1.517647058823529682e-01
9.184313725490196312e-01 7.960784313725490779e-01 1.658823529411764808e-01
9.200000000000000400e-01 8.000000000000000444e-01 1.800000000000000211e-01
9.215686274509804488e-01 8.039215686274510109e-01 1.941176470588235337e-01
9.231372549019607465e-01 8.078431372549019773e-01 2.082352941176470740e-01
9.247058823529411553e-01 8.117647058823529438e-01 2.223529411764706143e-01
9.262745098039215641e-01 8.156862745098039102e-01 2.364705882352941269e-01
9.278431372549019729e-01 8.196078431372548767e-01 2.505882352941176672e-01
9.294117647058823817e-01 8.235294117647058432e-01 2.647058823529411797e-01
9.309803921568627905e-01 8.274509803921568096e-01 2.788235294117647478e-01
9.325490196078430882e-01 8.313725490196077761e-01 2.929411764705878718e-01
9.341176470588234970e-01 8.352941176470588536e-01 3.070588235294117729e-01
9.356862745098039058e-01 8.392156862745098200e-01 3.211764705882352855e-01
9.372549019607843146e-01 8.431372549019607865e-01 3.352941176470588536e-01
9.388235294117647234e-01 8.470588235294117530e-01 3.494117647058823661e-01
9.403921568627451322e-01 8.509803921568627194e-01 3.635294117647058787e-01
9.419607843137255410e-01 8.549019607843136859e-01 3.776470588235294468e-01
9.435294117647059498e-01 8.588235294117647634e-01 3.917647058823529593e-01
9.450980392156862475e-01 8.627450980392157298e-01 4.058823529411764719e-01
9.466666666666666563e-01 8.666666666666666963e-01 4.200000000000000400e-01
9.482352941176470651e-01 8.705882352941176627e-01 4.341176470588235525e-01
9.498039215686274739e-01 8.745098039215686292e-01 4.482352941176470651e-01
9.513725490196078827e-01 8.784313725490195957e-01 4.623529411764705777e-01
9.529411764705882915e-01 8.823529411764705621e-01 4.764705882352941457e-01
9.545098039215685892e-01 8.862745098039215286e-01 4.905882352941176028e-01
9.560784313725489980e-01 8.901960784313724950e-01 5.047058823529412264e-01
9.576470588235294068e-01 8.941176470588234615e-01 5.188235294117642393e-01
9.592156862745098156e-01 8.980392156862745390e-01 5.329411764705882515e-01
9.607843137254902244e-01 9.019607843137255054e-01 5.470588235294117085e-01
9.623529411764706332e-01 9.058823529411764719e-01 5.611764705882352766e-01
9.639215686274509309e-01 9.098039215686274384e-01 5.752941176470588447e-01
9.654901960784313397e-01 9.137254901960784048e-01 5.894117647058824128e-01
9.670588235294117485e-01 9.176470588235293713e-01 6.035294117647058698e-01
9.686274509803921573e-01 9.215686274509804488e-01 6.176470588235294379e-01
9.701960784313725661e-01 9.254901960784314152e-01 6.317647058823528949e-01
9.717647058823529749e-01 9.294117647058823817e-01 6.458823529411764630e-01
9.733333333333333837e-01 9.333333333333333481e-01 6.599999999999999201e-01
9.749019607843136814e-01 9.372549019607843146e-01 6.741176470588235992e-01
9.764705882352940902e-01 9.411764705882352811e-01 6.882352941176470562e-01
9.780392156862744990e-01 9.450980392156862475e-01 7.023529411764706243e-01
9.796078431372549078e-01 9.490196078431372140e-01 7.164705882352940813e-01
9.811764705882353166e-01 9.529411764705881804e-01 7.305882352941176494e-01
9.827450980392156143e-01 9.568627450980391469e-01 7.447058823529407734e-01
9.843137254901961342e-01 9.607843137254902244e-01 7.588235294117646745e-01
9.858823529411764319e-01 9.647058823529411908e-01 7.729411764705882426e-01
9.874509803921568407e-01 9.686274509803921573e-01 7.870588235294118107e-01
9.890196078431372495e-01 9.725490196078431238e-01 8.011764705882352677e-01
9.905882352941176583e-01 9.764705882352940902e-01 8.152941176470588358e-01
9.921568627450980671e-01 9.803921568627450567e-01 8.294117647058822929e-01
9.937254901960784759e-01 9.843137254901961342e-01 8.435294117647058609e-01
9.952941176470587736e-01 9.882352941176471006e-01 8.576470588235294290e-01
9.968627450980391824e-01 9.921568627450980671e-01 8.717647058823529971e-01
9.984313725490195912e-01 9.960784313725490335e-01 8.858823529411764541e-01
1.000000000000000000e+00 1.000000000000000000e+00 9.000000000000000222e-01
